0.3063    0.7463    0.7679
    0.4129    0.7151    0.7446
    0.5352    0.6811    0.7198
    0.6735    0.6447    0.6940
    0.8276    0.6063    0.6678
    0.9976    0.5665    0.6415
    1.1834    0.5256    0.6155
    1.3852    0.4839    0.5903
    1.6027    0.4418    0.5659
    1.8362    0.3996    0.5426
    2.0855    0.3574    0.5204
    2.3507    0.3155    0.4993
    2.6317    0.2741    0.4794
    2.9286    0.2335    0.4607
    3.2414    0.1936    0.4430
    3.5700    0.1547    0.4263
    3.9145    0.1171    0.4107
    4.2749    0.0807    0.3959
    4.6511    0.0457    0.3820
    5.0432    0.0135    0.3689
    5.4511    0.0206    0.3565
    5.8750    0.0507    0.3448
    6.3146    0.0792    0.3337
    6.7702    0.1059    0.3232
    7.2416    0.1307    0.3133
    7.7289    0.1535    0.3039
    8.2320    0.1743    0.2949
    8.7511    0.1930    0.2864
    9.2859    0.2095    0.2783
    9.8367    0.2239    0.2706