0.400  1326726.507 43341184.647 82411878.122 113423279.033 133334540.144 140195569.398 133334540.145 113423279.033 82411878.122 43341184.647 1326726.507 43341184.647 82411878.121 113423279.033 133334540.145 140195569.398 133334540.145 113423279.033 82411878.122 43341184.648

0.800  1555803.562 62196928.389 118278802.641 162790156.052 191368890.263 201216524.015 191368890.263 162790156.052 118278802.641 62196928.389 1555803.562 62196928.390 118278802.640 162790156.052 191368890.263 201216524.015 191368890.263 162790156.052 118278802.641 62196928.390

1.200  1619339.603 76952216.608 146348361.093 201425416.323 236787663.307 248972727.170 236787663.307 201425416.323 146348361.093 76952216.608 1619339.603 76952216.609 146348361.092 201425416.322 236787663.307 248972727.170 236787663.307 201425416.323 146348361.092 76952216.609

2.000  1597990.719 100649218.340 191428729.015 263474707.354 309731520.118 325670579.164 309731520.119 263474707.354 191428729.015 100649218.339 1597990.719 100649218.340 191428729.014 263474707.353 309731520.118 325670579.164 309731520.119 263474707.353 191428729.015 100649218.341

3.000  1505374.398 124446771.108 236699293.032 325785516.729 382982714.221 402691559.484 382982714.222 325785516.729 236699293.032 124446771.108 1505374.398 124446771.109 236699293.030 325785516.728 382982714.222 402691559.484 382982714.222 325785516.729 236699293.031 124446771.110

4.000  1409709.246 144549489.439 274940006.240 378420105.259 444858660.922 467751852.818 444858660.923 378420105.259 274940006.240 144549489.439 1409709.246 144549489.440 274940006.239 378420105.257 444858660.922 467751852.818 444858660.923 378420105.258 274940006.240 144549489.441

5.000  1324512.815 162261383.244 308632051.099 424793728.288 499374306.572 525073042.751 499374306.574 424793728.288 308632051.099 162261383.244 1324512.815 162261383.246 308632051.097 424793728.287 499374306.573 525073042.751 499374306.573 424793728.287 308632051.098 162261383.247

6.000  1250707.285 178265583.506 339075250.768 466695545.867 548632973.810 576866703.794 548632973.811 466695545.867 339075250.768 178265583.506 1250707.285 178265583.508 339075250.766 466695545.866 548632973.810 576866703.794 548632973.810 466695545.867 339075250.767 178265583.509

7.000  1186839.815 192972667.449 367050802.261 505200841.215 593898754.857 624461986.685 593898754.858 505200841.215 367050802.261 192972667.449 1186839.815 192972667.450 367050802.258 505200841.213 593898754.857 624461986.685 593898754.858 505200841.214 367050802.260 192972667.452

8.000  1131222.203 206651921.637 393071051.806 541014831.370 636000694.034 668730603.357 636000694.036 541014831.370 393071051.806 206651921.637 1131222.203 206651921.638 393071051.804 541014831.368 636000694.035 668730603.357 636000694.035 541014831.369 393071051.805 206651921.640

9.000  1082387.748 219491099.703 417493207.957 574629191.563 675516797.449 710280307.289 675516797.450 574629191.563 417493207.957 219491099.702 1082387.748 219491099.704 417493207.954 574629191.561 675516797.449 710280307.289 675516797.450 574629191.562 417493207.955 219491099.706

