0.400  3850865.988  42410898.094  80429332.842  110641556.269  130045173.990  136731863.098  130045173.990  110641556.269  80429332.842  42410898.094  3850865.988  42410898.093  80429332.842  110641556.269  130045173.990  136731863.098  130045173.990  110641556.269  80429332.842  42410898.093  
0.800  4591528.639  62813438.738  119247058.548  164072041.626  192857376.654  202776758.236  192857376.654  164072041.626  119247058.548  62813438.739  4591528.639  62813438.737  119247058.548  164072041.626  192857376.653  202776758.236  192857376.654  164072041.626  119247058.548  62813438.737  
1.200  4777704.371  79385980.362  150803097.205  207513468.926  243928842.154  256477264.984  243928842.154  207513468.927  150803097.205  79385980.363  4777704.371  79385980.361  150803097.205  207513468.927  243928842.154  256477264.984  243928842.155  207513468.926  150803097.205  79385980.361  
2.000  4649237.309  106562386.587  202554061.660  278757072.664  327685994.850  344546133.411  327685994.850  278757072.664  202554061.661  106562386.588  4649237.309  106562386.585  202554061.660  278757072.664  327685994.849  344546133.411  327685994.851  278757072.664  202554061.660  106562386.585  
3.000  4299026.284  134096329.966  254971510.314  350914624.414  412516325.726  433743084.180  412516325.726  350914624.415  254971510.315  134096329.967  4299026.284  134096329.964  254971510.314  350914624.415  412516325.725  433743084.180  412516325.727  350914624.414  254971510.314  134096329.964  
4.000  3967880.578  157366697.764  299260387.305  411879492.233  484187172.453  509102888.871  484187172.453  411879492.233  299260387.306  157366697.766  3967880.578  157366697.762  299260387.306  411879492.233  484187172.452  509102888.871  484187172.454  411879492.233  299260387.305  157366697.761  
5.000  3687528.381  177834419.765  338208541.802  465491058.521  547212812.771  575372353.740  547212812.771  465491058.522  338208541.803  177834419.766  3687528.381  177834419.762  338208541.803  465491058.522  547212812.770  575372353.740  547212812.772  465491058.522  338208541.802  177834419.761  
6.000  3452971.836  196291690.812  373327179.320  513830402.914  604040096.267  635124352.207  604040096.268  513830402.915  373327179.321  196291690.814  3452971.836  196291690.809  373327179.321  513830402.915  604040096.266  635124352.207  604040096.269  513830402.915  373327179.320  196291690.808  
7.000  3255150.889  213221538.623  405537266.469  558165671.974  656160016.563  689926659.770  656160016.563  558165671.975  405537266.470  213221538.625  3255150.889  213221538.620  405537266.470  558165671.975  656160016.561  689926659.770  656160016.564  558165671.974  405537266.469  213221538.619  
8.000  3086262.923  228942635.073  435446137.179  599333083.163  704555713.061  740813038.453  704555713.062  599333083.164  435446137.180  228942635.075  3086262.923  228942635.070  435446137.180  599333083.164  704555713.060  740813038.453  704555713.063  599333083.163  435446137.179  228942635.069  
9.000  2940290.391  243677601.293  463477924.564  637916575.113  749913708.365  788505357.026  749913708.366  637916575.114  463477924.565  243677601.295  2940290.391  243677601.289  463477924.565  637916575.114  749913708.364  788505357.026  749913708.367  637916575.113  463477924.564  243677601.288  
