0.07286  3.825  
0.07287  3.780  
0.07288  3.761  
0.07290  3.768  
0.07291  3.800  
0.07293  3.858  
0.07294  3.940  
0.07296  4.047  
0.07297  4.176  
0.07299  4.326  
0.07300  4.497  
0.07302  4.685  
0.07303  4.888  
0.07305  5.106  
0.07306  5.334  
0.07308  5.571  
0.07309  5.813  
0.07310  6.060  
0.07312  6.306  
0.07313  6.550  
0.07315  6.790  
0.07316  7.022  
0.07318  7.243  
0.07319  7.452  
0.07321  7.646  
0.07322  7.823  
0.07324  7.980  
0.07325  8.117  
0.07327  8.231  
0.07328  8.322  
0.07330  8.387  
0.07331  8.428  
0.07332  8.442  
0.07334  8.430  
0.07335  8.392  
0.07337  8.328  
0.07338  8.240  
0.07340  8.127  
0.07341  7.992  
0.07343  7.836  
0.07344  7.660  
0.07346  7.467  
0.07347  7.258  
0.07349  7.036  
0.07350  6.804  
0.07352  6.564  
0.07353  6.318  
0.07355  6.070  
0.07356  5.823  
0.07357  5.578  
0.07359  5.339  
0.07360  5.109  
0.07362  4.890  
0.07363  4.685  
0.07365  4.495  
0.07366  4.323  
0.07368  4.172  
0.07369  4.042  
0.07371  3.936  
0.07372  3.853  
0.07374  3.797  
0.07375  3.766  
0.07377  3.761  
0.07378  3.784  
0.07379  3.832  
0.07381  3.906  
0.07382  4.005  
0.07384  4.127  
0.07385  4.272  
0.07387  4.438  
0.07388  4.623  
0.07390  4.824  
0.07391  5.040  
0.07393  5.268  
0.07394  5.506  
0.07396  5.750  
0.07397  5.999  
0.07399  6.248  
0.07400  6.496  
0.07401  6.740  
0.07403  6.976  
0.07404  7.203  
0.07406  7.416  
0.07407  7.615  
0.07409  7.797  
0.07410  7.960  
0.07412  8.101  
0.07413  8.219  
0.07415  8.314  
0.07416  8.383  
0.07418  8.426  
0.07419  8.442  
0.07421  8.432  
0.07422  8.395  
0.07423  8.331  
0.07425  8.242  
0.07426  8.129  
0.07428  7.992  
0.07429  7.834  
0.07431  7.656  
0.07432  7.460  
0.07434  7.248  
0.07435  7.023  
0.07437  6.787  
0.07438  6.544  
0.07440  6.295  
0.07441  6.044  
0.07443  5.793  
0.07444  5.547  
0.07445  5.306  
0.07447  5.075  
0.07448  4.855  
0.07450  4.650  
0.07451  4.461  
0.07453  4.291  
0.07454  4.142  
0.07456  4.016  
0.07457  3.914  
0.07459  3.837  
0.07460  3.786  
0.07462  3.762  
0.07463  3.765  
0.07465  3.795  
0.07466  3.851  
0.07467  3.934  
0.07469  4.042  
0.07470  4.174  
0.07472  4.328  
0.07473  4.503  
0.07475  4.696  
0.07476  4.906  
0.07478  5.130  
0.07479  5.365  
0.07481  5.608  
0.07482  5.857  
0.07484  6.110  
0.07485  6.362  
0.07487  6.611  
0.07488  6.854  
0.07490  7.089  
0.07491  7.312  
0.07492  7.521  
0.07494  7.714  
0.07495  7.887  
0.07497  8.040  
0.07498  8.170  
0.07500  8.277  
0.07501  8.357  
0.07503  8.412  
0.07504  8.439  
0.07506  8.439  
0.07507  8.412  
0.07509  8.357  
0.07510  8.276  
0.07512  8.170  
0.07513  8.039  
0.07514  7.886  
0.07516  7.712  
0.07517  7.518  
0.07519  7.308  
0.07520  7.084  
0.07522  6.848  
0.07523  6.604  
0.07525  6.353  
0.07526  6.099  
0.07528  5.846  
0.07529  5.595  
0.07531  5.350  
0.07532  5.114  
0.07534  4.890  
0.07535  4.680  
0.07536  4.486  
0.07538  4.312  
0.07539  4.158  
0.07541  4.028  
0.07542  3.922  
0.07544  3.842  
0.07545  3.788  
0.07547  3.762  
0.07548  3.764  
0.07550  3.793  
0.07551  3.849  
0.07553  3.932  
0.07554  4.041  
0.07556  4.175  
0.07557  4.331  
0.07558  4.508  
0.07560  4.704  
0.07561  4.917  
0.07563  5.144  
0.07564  5.383  
0.07566  5.630  
0.07567  5.882  
0.07569  6.137  
0.07570  6.392  
0.07572  6.644  
0.07573  6.889  
0.07575  7.124  
0.07576  7.348  
0.07578  7.557  
0.07579  7.748  
0.07580  7.920  
0.07582  8.070  
0.07583  8.197  
0.07585  8.298  
0.07586  8.373  
0.07588  8.422  
0.07589  8.442  
0.07591  8.435  
0.07592  8.399  
0.07594  8.336  
0.07595  8.246  
0.07597  8.131  
0.07598  7.991  
0.07600  7.828  
0.07601  7.645  
0.07602  7.443  
0.07604  7.225  
0.07605  6.993  
0.07607  6.751  
0.07608  6.500  
0.07610  6.245  
0.07611  5.988  
0.07613  5.733  
0.07614  5.482  
0.07616  5.238  
0.07617  5.004  
0.07619  4.784  
0.07620  4.580  
0.07622  4.394  
0.07623  4.228  
0.07625  4.085  
0.07626  3.966  
0.07627  3.874  
0.07629  3.808  
0.07630  3.769  
0.07632  3.759  
0.07633  3.778  
0.07635  3.824  
0.07636  3.898  
0.07638  3.999  
0.07639  4.125  
0.07641  4.275  
0.07642  4.447  
0.07644  4.640  
0.07645  4.850  
0.07647  5.076  
0.07648  5.314  
0.07649  5.561  
0.07651  5.815  
0.07652  6.073  
0.07654  6.331  
0.07655  6.587  
0.07657  6.836  
0.07658  7.077  
0.07660  7.305  
0.07661  7.519  
0.07663  7.716  
0.07664  7.894  
0.07666  8.049  
0.07667  8.180  
0.07669  8.287  
0.07670  8.366  
0.07671  8.418  
0.07673  8.442  
0.07674  8.437  
0.07676  8.403  
0.07677  8.341  
0.07679  8.252  
0.07680  8.136  
0.07682  7.996  
0.07683  7.832  
0.07685  7.647  
0.07686  7.442  
0.07688  7.222  
0.07689  6.987  
0.07691  6.742  
0.07692  6.489  
0.07693  6.231  
0.07695  5.971  
0.07696  5.713  
0.07698  5.459  
0.07699  5.214  
0.07701  4.979  
0.07702  4.758  
0.07704  4.554  
0.07705  4.368  
0.07707  4.204  
0.07708  4.063  
0.07710  3.948  
0.07711  3.859  
0.07713  3.797  
0.07714  3.765  
0.07715  3.761  
0.07717  3.786  
0.07718  3.839  
0.07720  3.921  
0.07721  4.029  
0.07723  4.164  
0.07724  4.322  
