0.07286  3.670  
0.07287  3.622  
0.07288  3.602  
0.07290  3.609  
0.07291  3.643  
0.07293  3.705  
0.07294  3.793  
0.07296  3.907  
0.07297  4.045  
0.07299  4.206  
0.07300  4.387  
0.07302  4.588  
0.07303  4.806  
0.07305  5.038  
0.07306  5.282  
0.07308  5.535  
0.07309  5.794  
0.07310  6.057  
0.07312  6.320  
0.07313  6.581  
0.07315  6.837  
0.07316  7.084  
0.07318  7.321  
0.07319  7.544  
0.07321  7.751  
0.07322  7.940  
0.07324  8.108  
0.07325  8.254  
0.07327  8.376  
0.07328  8.473  
0.07330  8.543  
0.07331  8.586  
0.07332  8.601  
0.07334  8.588  
0.07335  8.548  
0.07337  8.480  
0.07338  8.385  
0.07340  8.265  
0.07341  8.121  
0.07343  7.954  
0.07344  7.766  
0.07346  7.560  
0.07347  7.337  
0.07349  7.100  
0.07350  6.852  
0.07352  6.595  
0.07353  6.333  
0.07355  6.068  
0.07356  5.804  
0.07357  5.543  
0.07359  5.288  
0.07360  5.042  
0.07362  4.808  
0.07363  4.588  
0.07365  4.386  
0.07366  4.202  
0.07368  4.041  
0.07369  3.902  
0.07371  3.788  
0.07372  3.700  
0.07374  3.640  
0.07375  3.607  
0.07377  3.602  
0.07378  3.626  
0.07379  3.677  
0.07381  3.756  
0.07382  3.862  
0.07384  3.993  
0.07385  4.148  
0.07387  4.325  
0.07388  4.522  
0.07390  4.737  
0.07391  4.968  
0.07393  5.211  
0.07394  5.465  
0.07396  5.726  
0.07397  5.992  
0.07399  6.258  
0.07400  6.523  
0.07401  6.783  
0.07403  7.036  
0.07404  7.277  
0.07406  7.506  
0.07407  7.718  
0.07409  7.913  
0.07410  8.086  
0.07412  8.237  
0.07413  8.363  
0.07415  8.464  
0.07416  8.538  
0.07418  8.584  
0.07419  8.601  
0.07421  8.590  
0.07422  8.551  
0.07423  8.483  
0.07425  8.388  
0.07426  8.267  
0.07428  8.121  
0.07429  7.952  
0.07431  7.761  
0.07432  7.552  
0.07434  7.326  
0.07435  7.085  
0.07437  6.834  
0.07438  6.574  
0.07440  6.308  
0.07441  6.040  
0.07443  5.773  
0.07444  5.509  
0.07445  5.252  
0.07447  5.005  
0.07448  4.770  
0.07450  4.551  
0.07451  4.349  
0.07453  4.168  
0.07454  4.009  
0.07456  3.874  
0.07457  3.765  
0.07459  3.683  
0.07460  3.628  
0.07462  3.603  
0.07463  3.606  
0.07465  3.638  
0.07466  3.698  
0.07467  3.787  
0.07469  3.902  
0.07470  4.043  
0.07472  4.207  
0.07473  4.394  
0.07475  4.601  
0.07476  4.825  
0.07478  5.063  
0.07479  5.314  
0.07481  5.575  
0.07482  5.841  
0.07484  6.110  
0.07485  6.380  
0.07487  6.646  
0.07488  6.906  
0.07490  7.156  
0.07491  7.394  
0.07492  7.618  
0.07494  7.823  
0.07495  8.009  
0.07497  8.172  
0.07498  8.311  
0.07500  8.425  
0.07501  8.511  
0.07503  8.569  
0.07504  8.598  
0.07506  8.598  
0.07507  8.569  
0.07509  8.511  
0.07510  8.424  
0.07512  8.311  
0.07513  8.171  
0.07514  8.007  
0.07516  7.821  
0.07517  7.615  
0.07519  7.390  
0.07520  7.151  
0.07522  6.899  
0.07523  6.638  
0.07525  6.370  
0.07526  6.099  
0.07528  5.828  
0.07529  5.560  
0.07531  5.299  
0.07532  5.047  
0.07534  4.807  
0.07535  4.583  
0.07536  4.376  
0.07538  4.190  
0.07539  4.026  
0.07541  3.887  
0.07542  3.774  
0.07544  3.688  
0.07545  3.631  
0.07547  3.603  
0.07548  3.605  
0.07550  3.636  
0.07551  3.696  
0.07553  3.785  
0.07554  3.901  
0.07556  4.044  
0.07557  4.211  
0.07558  4.400  
0.07560  4.609  
0.07561  4.837  
0.07563  5.079  
0.07564  5.334  
0.07566  5.597  
0.07567  5.867  
0.07569  6.140  
0.07570  6.412  
0.07572  6.681  
0.07573  6.942  
0.07575  7.194  
0.07576  7.433  
0.07578  7.656  
0.07579  7.860  
0.07580  8.044  
0.07582  8.204  
0.07583  8.339  
0.07585  8.448  
0.07586  8.528  
0.07588  8.580  
0.07589  8.601  
0.07591  8.593  
0.07592  8.555  
0.07594  8.488  
0.07595  8.392  
0.07597  8.269  
0.07598  8.119  
0.07600  7.946  
0.07601  7.750  
0.07602  7.534  
0.07604  7.301  
0.07605  7.054  
0.07607  6.795  
0.07608  6.528  
0.07610  6.255  
0.07611  5.981  
0.07613  5.708  
0.07614  5.439  
0.07616  5.179  
0.07617  4.930  
0.07619  4.694  
0.07620  4.476  
0.07622  4.277  
0.07623  4.101  
0.07625  3.948  
0.07626  3.821  
0.07627  3.722  
0.07629  3.652  
0.07630  3.611  
0.07632  3.600  
0.07633  3.620  
0.07635  3.669  
0.07636  3.748  
0.07638  3.856  
0.07639  3.990  
0.07641  4.151  
0.07642  4.335  
0.07644  4.541  
0.07645  4.765  
0.07647  5.006  
0.07648  5.260  
0.07649  5.524  
0.07651  5.796  
0.07652  6.071  
0.07654  6.347  
0.07655  6.620  
0.07657  6.886  
0.07658  7.143  
0.07660  7.387  
0.07661  7.616  
0.07663  7.826  
0.07664  8.015  
0.07666  8.181  
0.07667  8.322  
0.07669  8.435  
0.07670  8.520  
0.07671  8.576  
0.07673  8.601  
0.07674  8.595  
0.07676  8.560  
0.07677  8.493  
0.07679  8.398  
0.07680  8.275  
0.07682  8.124  
0.07683  7.949  
0.07685  7.752  
0.07686  7.534  
0.07688  7.298  
0.07689  7.048  
0.07691  6.786  
0.07692  6.515  
0.07693  6.239  
0.07695  5.962  
0.07696  5.686  
0.07698  5.416  
0.07699  5.153  
0.07701  4.903  
0.07702  4.667  
0.07704  4.448  
0.07705  4.250  
0.07707  4.075  
0.07708  3.925  
0.07710  3.801  
0.07711  3.706  
0.07713  3.641  
0.07714  3.606  
0.07715  3.601  
0.07717  3.628  
0.07718  3.685  
0.07720  3.772  
0.07721  3.888  
0.07723  4.032  
0.07724  4.201  
