0.07286  3.826  3.671  
0.07287  3.781  3.623  
0.07288  3.761  3.602  
0.07290  3.767  3.609  
0.07291  3.799  3.643  
0.07293  3.857  3.704  
0.07294  3.939  3.792  
0.07296  4.046  3.906  
0.07297  4.175  4.043  
0.07299  4.325  4.204  
0.07300  4.495  4.386  
0.07302  4.683  4.586  
0.07303  4.886  4.804  
0.07305  5.104  5.036  
0.07306  5.332  5.279  
0.07308  5.569  5.532  
0.07309  5.811  5.792  
0.07310  6.057  6.054  
0.07312  6.304  6.318  
0.07313  6.548  6.579  
0.07315  6.788  6.835  
0.07316  7.020  7.082  
0.07318  7.241  7.319  
0.07319  7.450  7.542  
0.07321  7.644  7.749  
0.07322  7.821  7.938  
0.07324  7.979  8.107  
0.07325  8.116  8.253  
0.07327  8.230  8.375  
0.07328  8.321  8.472  
0.07330  8.387  8.543  
0.07331  8.427  8.586  
0.07332  8.442  8.601  
0.07334  8.430  8.589  
0.07335  8.392  8.548  
0.07337  8.329  8.481  
0.07338  8.241  8.386  
0.07340  8.128  8.266  
0.07341  7.993  8.122  
0.07343  7.837  7.955  
0.07344  7.661  7.768  
0.07346  7.468  7.561  
0.07347  7.259  7.338  
0.07349  7.038  7.102  
0.07350  6.806  6.854  
0.07352  6.565  6.597  
0.07353  6.320  6.335  
0.07355  6.072  6.070  
0.07356  5.824  5.805  
0.07357  5.580  5.544  
0.07359  5.341  5.289  
0.07360  5.111  5.043  
0.07362  4.891  4.809  
0.07363  4.686  4.589  
0.07365  4.496  4.387  
0.07366  4.324  4.204  
0.07368  4.173  4.042  
0.07369  4.043  3.903  
0.07371  3.936  3.789  
0.07372  3.854  3.701  
0.07374  3.797  3.640  
0.07375  3.766  3.607  
0.07377  3.761  3.602  
0.07378  3.783  3.626  
0.07379  3.831  3.677  
0.07381  3.905  3.756  
0.07382  4.004  3.861  
0.07384  4.127  3.992  
0.07385  4.271  4.147  
0.07387  4.437  4.324  
0.07388  4.622  4.521  
0.07390  4.823  4.736  
0.07391  5.039  4.967  
0.07393  5.267  5.210  
0.07394  5.505  5.464  
0.07396  5.749  5.725  
0.07397  5.997  5.990  
0.07399  6.247  6.257  
0.07400  6.495  6.522  
0.07401  6.739  6.782  
0.07403  6.975  7.035  
0.07404  7.202  7.276  
0.07406  7.416  7.505  
0.07407  7.615  7.718  
0.07409  7.796  7.912  
0.07410  7.959  8.085  
0.07412  8.100  8.236  
0.07413  8.219  8.363  
0.07415  8.313  8.464  
0.07416  8.382  8.538  
0.07418  8.425  8.584  
0.07419  8.442  8.601  
0.07421  8.432  8.590  
0.07422  8.395  8.551  
0.07423  8.332  8.483  
0.07425  8.243  8.389  
0.07426  8.129  8.268  
0.07428  7.993  8.122  
0.07429  7.835  7.953  
0.07431  7.656  7.762  
0.07432  7.460  7.553  
0.07434  7.248  7.327  
0.07435  7.023  7.086  
0.07437  6.788  6.835  
0.07438  6.544  6.574  
0.07440  6.296  6.309  
0.07441  6.045  6.041  
0.07443  5.794  5.773  
0.07444  5.547  5.510  
0.07445  5.307  5.253  
0.07447  5.075  5.005  
0.07448  4.855  4.771  
0.07450  4.650  4.551  
0.07451  4.461  4.350  
0.07453  4.291  4.168  
0.07454  4.143  4.009  
0.07456  4.016  3.874  
0.07457  3.914  3.765  
0.07459  3.837  3.683  
0.07460  3.786  3.628  
0.07462  3.762  3.603  
0.07463  3.765  3.606  
0.07465  3.795  3.638  
0.07466  3.851  3.698  
0.07467  3.934  3.787  
0.07469  4.042  3.902  
0.07470  4.174  4.043  
0.07472  4.328  4.207  
0.07473  4.503  4.394  
0.07475  4.696  4.600  
0.07476  4.906  4.824  
0.07478  5.129  5.063  
0.07479  5.364  5.314  
0.07481  5.608  5.574  
0.07482  5.857  5.841  
0.07484  6.109  6.110  
0.07485  6.362  6.379  
0.07487  6.611  6.646  
0.07488  6.854  6.905  
0.07490  7.089  7.156  
0.07491  7.312  7.394  
0.07492  7.521  7.618  
0.07494  7.713  7.823  
0.07495  7.887  8.009  
0.07497  8.040  8.172  
0.07498  8.170  8.311  
0.07500  8.277  8.425  
0.07501  8.357  8.511  
0.07503  8.412  8.569  
0.07504  8.439  8.598  
0.07506  8.439  8.598  
0.07507  8.412  8.569  
0.07509  8.357  8.511  
0.07510  8.276  8.424  
0.07512  8.170  8.311  
0.07513  8.039  8.171  
0.07514  7.886  8.007  
0.07516  7.711  7.821  
0.07517  7.518  7.615  
0.07519  7.308  7.390  
0.07520  7.084  7.151  
0.07522  6.848  6.899  
0.07523  6.603  6.637  
0.07525  6.353  6.370  
0.07526  6.099  6.099  
0.07528  5.845  5.828  
0.07529  5.595  5.560  
0.07531  5.350  5.299  
0.07532  5.114  5.047  
0.07534  4.889  4.807  
0.07535  4.679  4.583  
0.07536  4.486  4.376  
0.07538  4.311  4.190  
0.07539  4.158  4.026  
0.07541  4.028  3.887  
0.07542  3.922  3.774  
0.07544  3.842  3.688  
0.07545  3.788  3.631  
0.07547  3.762  3.603  
0.07548  3.764  3.605  
0.07550  3.793  3.636  
0.07551  3.849  3.696  
0.07553  3.933  3.785  
0.07554  4.042  3.902  
0.07556  4.175  4.044  
0.07557  4.331  4.211  
0.07558  4.509  4.400  
0.07560  4.705  4.610  
0.07561  4.918  4.837  
0.07563  5.145  5.080  
0.07564  5.383  5.334  
0.07566  5.630  5.598  
0.07567  5.883  5.868  
0.07569  6.138  6.141  
0.07570  6.393  6.413  
0.07572  6.644  6.681  
0.07573  6.889  6.943  
0.07575  7.125  7.195  
0.07576  7.349  7.434  
0.07578  7.557  7.656  
0.07579  7.749  7.861  
0.07580  7.920  8.044  
0.07582  8.070  8.204  
0.07583  8.197  8.340  
0.07585  8.298  8.448  
0.07586  8.374  8.528  
0.07588  8.422  8.580  
0.07589  8.442  8.601  
0.07591  8.434  8.593  
0.07592  8.399  8.555  
0.07594  8.336  8.488  
0.07595  8.246  8.392  
0.07597  8.130  8.268  
0.07598  7.990  8.119  
0.07600  7.827  7.945  
0.07601  7.644  7.749  
0.07602  7.442  7.533  
0.07604  7.224  7.300  
0.07605  6.992  7.053  
0.07607  6.750  6.794  
0.07608  6.499  6.526  
0.07610  6.244  6.254  
0.07611  5.987  5.979  
0.07613  5.732  5.706  
0.07614  5.480  5.438  
0.07616  5.237  5.178  
0.07617  5.003  4.929  
0.07619  4.783  4.693  
0.07620  4.579  4.475  
0.07622  4.393  4.276  
0.07623  4.227  4.100  
0.07625  4.084  3.947  
0.07626  3.966  3.821  
0.07627  3.873  3.722  
0.07629  3.807  3.651  
0.07630  3.769  3.611  
0.07632  3.759  3.600  
0.07633  3.778  3.620  
0.07635  3.824  3.669  
0.07636  3.898  3.749  
0.07638  3.999  3.856  
0.07639  4.126  3.991  
0.07641  4.276  4.152  
0.07642  4.449  4.336  
0.07644  4.641  4.542  
0.07645  4.851  4.766  
0.07647  5.077  5.007  
0.07648  5.315  5.262  
0.07649  5.563  5.526  
0.07651  5.817  5.798  
0.07652  6.075  6.073  
0.07654  6.333  6.349  
0.07655  6.588  6.621  
0.07657  6.838  6.888  
0.07658  7.078  7.145  
0.07660  7.307  7.389  
0.07661  7.521  7.617  
0.07663  7.718  7.828  
0.07664  7.895  8.017  
0.07666  8.050  8.182  
0.07667  8.181  8.323  
0.07669  8.287  8.436  
0.07670  8.367  8.521  
0.07671  8.418  8.576  
0.07673  8.442  8.601  
0.07674  8.436  8.595  
0.07676  8.403  8.559  
0.07677  8.341  8.493  
0.07679  8.251  8.397  
0.07680  8.135  8.274  
0.07682  7.994  8.123  
0.07683  7.830  7.948  
0.07685  7.645  7.750  
0.07686  7.441  7.532  
0.07688  7.220  7.296  
0.07689  6.986  7.046  
0.07691  6.740  6.784  
0.07692  6.487  6.513  
0.07693  6.229  6.237  
0.07695  5.969  5.960  
0.07696  5.711  5.684  
0.07698  5.457  5.413  
0.07699  5.212  5.151  
0.07701  4.977  4.901  
0.07702  4.756  4.665  
0.07704  4.552  4.446  
0.07705  4.367  4.249  
0.07707  4.203  4.074  
0.07708  4.062  3.924  
0.07710  3.947  3.800  
0.07711  3.858  3.705  
0.07713  3.797  3.640  
0.07714  3.764  3.605  
0.07715  3.761  3.601  
0.07717  3.786  3.628  
0.07718  3.840  3.686  
0.07720  3.922  3.773  
0.07721  4.030  3.890  
0.07723  4.165  4.033  
0.07724  4.324  4.203  
