0.07286  0.002 0.094 0.271 0.413 0.492 0.517 0.492 0.413 0.271 0.094 0.002 0.094 0.271 0.413 0.492 0.517 0.492 0.413 0.271 0.094

0.07287  0.002 0.094 0.271 0.413 0.492 0.517 0.492 0.413 0.271 0.094 0.002 0.094 0.271 0.413 0.492 0.517 0.492 0.413 0.271 0.094

0.07288  0.002 0.094 0.271 0.413 0.492 0.517 0.492 0.413 0.271 0.094 0.002 0.094 0.271 0.413 0.492 0.517 0.492 0.413 0.271 0.094

0.07290  0.002 0.094 0.271 0.413 0.492 0.517 0.492 0.413 0.271 0.094 0.002 0.094 0.271 0.413 0.492 0.517 0.492 0.413 0.271 0.094

0.07291  0.002 0.094 0.271 0.413 0.492 0.517 0.492 0.413 0.271 0.094 0.002 0.094 0.271 0.413 0.492 0.517 0.492 0.413 0.271 0.094

0.07293  0.002 0.094 0.271 0.413 0.492 0.517 0.492 0.413 0.271 0.094 0.002 0.094 0.271 0.413 0.492 0.517 0.492 0.413 0.271 0.094

0.07294  0.002 0.094 0.271 0.413 0.492 0.517 0.492 0.413 0.271 0.094 0.002 0.094 0.271 0.413 0.492 0.517 0.492 0.413 0.271 0.094

0.07296  0.002 0.094 0.271 0.413 0.492 0.517 0.492 0.413 0.271 0.094 0.002 0.094 0.271 0.413 0.492 0.517 0.492 0.413 0.271 0.094

0.07297  0.002 0.094 0.271 0.413 0.492 0.517 0.492 0.413 0.271 0.094 0.002 0.094 0.271 0.413 0.492 0.517 0.492 0.413 0.271 0.094

0.07299  0.002 0.094 0.271 0.413 0.492 0.517 0.492 0.413 0.271 0.094 0.002 0.094 0.271 0.413 0.492 0.517 0.492 0.413 0.271 0.094

0.07300  0.002 0.094 0.271 0.413 0.492 0.517 0.492 0.413 0.271 0.094 0.002 0.094 0.271 0.413 0.492 0.517 0.492 0.413 0.271 0.094

0.07302  0.002 0.094 0.271 0.413 0.492 0.517 0.492 0.413 0.271 0.094 0.002 0.094 0.271 0.413 0.492 0.517 0.492 0.413 0.271 0.094

0.07303  0.002 0.094 0.271 0.413 0.492 0.517 0.492 0.413 0.271 0.094 0.002 0.094 0.271 0.413 0.492 0.517 0.492 0.413 0.271 0.094

0.07305  0.002 0.094 0.271 0.413 0.492 0.517 0.492 0.413 0.271 0.094 0.002 0.094 0.271 0.413 0.492 0.517 0.492 0.413 0.271 0.094

0.07306  0.002 0.094 0.271 0.413 0.492 0.517 0.492 0.413 0.271 0.094 0.002 0.094 0.271 0.413 0.492 0.517 0.492 0.413 0.271 0.094

0.07308  0.002 0.094 0.271 0.413 0.492 0.517 0.492 0.413 0.271 0.094 0.002 0.094 0.271 0.413 0.492 0.517 0.492 0.413 0.271 0.094

0.07309  0.002 0.094 0.271 0.413 0.492 0.517 0.492 0.413 0.271 0.094 0.002 0.094 0.271 0.413 0.492 0.517 0.492 0.413 0.271 0.094

0.07310  0.002 0.094 0.271 0.413 0.492 0.517 0.492 0.413 0.271 0.094 0.002 0.094 0.271 0.413 0.492 0.517 0.492 0.413 0.271 0.094

0.07312  0.002 0.094 0.271 0.413 0.492 0.517 0.492 0.413 0.271 0.094 0.002 0.094 0.271 0.413 0.492 0.517 0.492 0.413 0.271 0.094

0.07313  0.002 0.094 0.271 0.413 0.492 0.517 0.492 0.413 0.271 0.094 0.002 0.094 0.271 0.413 0.492 0.517 0.492 0.413 0.271 0.094

0.07315  0.002 0.094 0.271 0.413 0.492 0.517 0.492 0.413 0.271 0.094 0.002 0.094 0.271 0.413 0.492 0.517 0.492 0.413 0.271 0.094

0.07316  0.002 0.094 0.271 0.413 0.492 0.517 0.492 0.413 0.271 0.094 0.002 0.094 0.271 0.413 0.492 0.517 0.492 0.413 0.271 0.094

0.07318  0.002 0.094 0.271 0.413 0.492 0.517 0.492 0.413 0.271 0.094 0.002 0.094 0.271 0.413 0.492 0.517 0.492 0.413 0.271 0.094

0.07319  0.002 0.094 0.271 0.413 0.492 0.517 0.492 0.413 0.271 0.094 0.002 0.094 0.271 0.413 0.492 0.517 0.492 0.413 0.271 0.094

0.07321  0.002 0.094 0.271 0.413 0.492 0.517 0.492 0.413 0.271 0.094 0.002 0.094 0.271 0.413 0.492 0.517 0.492 0.413 0.271 0.094

0.07322  0.002 0.094 0.271 0.413 0.492 0.517 0.492 0.413 0.271 0.094 0.002 0.094 0.271 0.413 0.492 0.517 0.492 0.413 0.271 0.094

0.07324  0.002 0.094 0.271 0.413 0.492 0.517 0.492 0.413 0.271 0.094 0.002 0.094 0.271 0.413 0.492 0.517 0.492 0.413 0.271 0.094

0.07325  0.002 0.094 0.271 0.413 0.492 0.517 0.492 0.413 0.271 0.094 0.002 0.094 0.271 0.413 0.492 0.517 0.492 0.413 0.271 0.094

0.07327  0.002 0.094 0.271 0.413 0.492 0.517 0.492 0.413 0.271 0.094 0.002 0.094 0.271 0.413 0.492 0.517 0.492 0.413 0.271 0.094

0.07328  0.002 0.094 0.271 0.413 0.492 0.517 0.492 0.413 0.271 0.094 0.002 0.094 0.271 0.413 0.492 0.517 0.492 0.413 0.271 0.094

0.07330  0.002 0.094 0.271 0.413 0.492 0.517 0.492 0.413 0.271 0.094 0.002 0.094 0.271 0.413 0.492 0.517 0.492 0.413 0.271 0.094

0.07331  0.002 0.094 0.271 0.413 0.492 0.517 0.492 0.413 0.271 0.094 0.002 0.094 0.271 0.413 0.492 0.517 0.492 0.413 0.271 0.094

0.07332  0.002 0.094 0.271 0.413 0.492 0.517 0.492 0.413 0.271 0.094 0.002 0.094 0.271 0.413 0.492 0.517 0.492 0.413 0.271 0.094

0.07334  0.002 0.094 0.271 0.413 0.492 0.517 0.492 0.413 0.271 0.094 0.002 0.094 0.271 0.413 0.492 0.517 0.492 0.413 0.271 0.094

0.07335  0.002 0.094 0.271 0.413 0.492 0.517 0.492 0.413 0.271 0.094 0.002 0.094 0.271 0.413 0.492 0.517 0.492 0.413 0.271 0.094

0.07337  0.002 0.094 0.271 0.413 0.492 0.517 0.492 0.413 0.271 0.094 0.002 0.094 0.271 0.413 0.492 0.517 0.492 0.413 0.271 0.094

0.07338  0.002 0.094 0.271 0.413 0.492 0.517 0.492 0.413 0.271 0.094 0.002 0.094 0.271 0.413 0.492 0.517 0.492 0.413 0.271 0.094

0.07340  0.002 0.094 0.271 0.413 0.492 0.517 0.492 0.413 0.271 0.094 0.002 0.094 0.271 0.413 0.492 0.517 0.492 0.413 0.271 0.094

0.07341  0.002 0.094 0.271 0.413 0.492 0.517 0.492 0.413 0.271 0.094 0.002 0.094 0.271 0.413 0.492 0.517 0.492 0.413 0.271 0.094

0.07343  0.002 0.094 0.271 0.413 0.492 0.517 0.492 0.413 0.271 0.094 0.002 0.094 0.271 0.413 0.492 0.517 0.492 0.413 0.271 0.094

0.07344  0.002 0.094 0.271 0.413 0.492 0.517 0.492 0.413 0.271 0.094 0.002 0.094 0.271 0.413 0.492 0.517 0.492 0.413 0.271 0.094

0.07346  0.002 0.094 0.271 0.413 0.492 0.517 0.492 0.413 0.271 0.094 0.002 0.094 0.271 0.413 0.492 0.517 0.492 0.413 0.271 0.094

0.07347  0.002 0.094 0.271 0.413 0.492 0.517 0.492 0.413 0.271 0.094 0.002 0.094 0.271 0.413 0.492 0.517 0.492 0.413 0.271 0.094

0.07349  0.002 0.094 0.271 0.413 0.492 0.517 0.492 0.413 0.271 0.094 0.002 0.094 0.271 0.413 0.492 0.517 0.492 0.413 0.271 0.094

0.07350  0.002 0.094 0.271 0.413 0.492 0.517 0.492 0.413 0.271 0.094 0.002 0.094 0.271 0.413 0.492 0.517 0.492 0.413 0.271 0.094

0.07352  0.002 0.094 0.271 0.413 0.492 0.517 0.492 0.413 0.271 0.094 0.002 0.094 0.271 0.413 0.492 0.517 0.492 0.413 0.271 0.094

0.07353  0.002 0.094 0.271 0.413 0.492 0.517 0.492 0.413 0.271 0.094 0.002 0.094 0.271 0.413 0.492 0.517 0.492 0.413 0.271 0.094

0.07355  0.002 0.094 0.271 0.413 0.492 0.517 0.492 0.413 0.271 0.094 0.002 0.094 0.271 0.413 0.492 0.517 0.492 0.413 0.271 0.094

0.07356  0.002 0.094 0.271 0.413 0.492 0.517 0.492 0.413 0.271 0.094 0.002 0.094 0.271 0.413 0.492 0.517 0.492 0.413 0.271 0.094

0.07357  0.002 0.094 0.271 0.413 0.492 0.517 0.492 0.413 0.271 0.094 0.002 0.094 0.271 0.413 0.492 0.517 0.492 0.413 0.271 0.094

0.07359  0.002 0.094 0.271 0.413 0.492 0.517 0.492 0.413 0.271 0.094 0.002 0.094 0.271 0.413 0.492 0.517 0.492 0.413 0.271 0.094

0.07360  0.002 0.094 0.271 0.413 0.492 0.517 0.492 0.413 0.271 0.094 0.002 0.094 0.271 0.413 0.492 0.517 0.492 0.413 0.271 0.094

0.07362  0.002 0.094 0.271 0.413 0.492 0.517 0.492 0.413 0.271 0.094 0.002 0.094 0.271 0.413 0.492 0.517 0.492 0.413 0.271 0.094

0.07363  0.002 0.094 0.271 0.413 0.492 0.517 0.492 0.413 0.271 0.094 0.002 0.094 0.271 0.413 0.492 0.517 0.492 0.413 0.271 0.094

0.07365  0.002 0.094 0.271 0.413 0.492 0.517 0.492 0.413 0.271 0.094 0.002 0.094 0.271 0.413 0.492 0.517 0.492 0.413 0.271 0.094

0.07366  0.002 0.094 0.271 0.413 0.492 0.517 0.492 0.413 0.271 0.094 0.002 0.094 0.271 0.413 0.492 0.517 0.492 0.413 0.271 0.094

0.07368  0.002 0.094 0.271 0.413 0.492 0.517 0.492 0.413 0.271 0.094 0.002 0.094 0.271 0.413 0.492 0.517 0.492 0.413 0.271 0.094

0.07369  0.002 0.094 0.271 0.413 0.492 0.517 0.492 0.413 0.271 0.094 0.002 0.094 0.271 0.413 0.492 0.517 0.492 0.413 0.271 0.094

0.07371  0.002 0.094 0.271 0.413 0.492 0.517 0.492 0.413 0.271 0.094 0.002 0.094 0.271 0.413 0.492 0.517 0.492 0.413 0.271 0.094

0.07372  0.002 0.094 0.271 0.413 0.492 0.517 0.492 0.413 0.271 0.094 0.002 0.094 0.271 0.413 0.492 0.517 0.492 0.413 0.271 0.094

0.07374  0.002 0.094 0.271 0.413 0.492 0.517 0.492 0.413 0.271 0.094 0.002 0.094 0.271 0.413 0.492 0.517 0.492 0.413 0.271 0.094

0.07375  0.002 0.094 0.271 0.413 0.492 0.517 0.492 0.413 0.271 0.094 0.002 0.094 0.271 0.413 0.492 0.517 0.492 0.413 0.271 0.094

0.07377  0.002 0.094 0.271 0.413 0.492 0.517 0.492 0.413 0.271 0.094 0.002 0.094 0.271 0.413 0.492 0.517 0.492 0.413 0.271 0.094

0.07378  0.002 0.094 0.271 0.413 0.492 0.517 0.492 0.413 0.271 0.094 0.002 0.094 0.271 0.413 0.492 0.517 0.492 0.413 0.271 0.094

0.07379  0.002 0.094 0.271 0.413 0.492 0.517 0.492 0.413 0.271 0.094 0.002 0.094 0.271 0.413 0.492 0.517 0.492 0.413 0.271 0.094

0.07381  0.002 0.094 0.271 0.413 0.492 0.517 0.492 0.413 0.271 0.094 0.002 0.094 0.271 0.413 0.492 0.517 0.492 0.413 0.271 0.094

0.07382  0.002 0.094 0.271 0.413 0.492 0.517 0.492 0.413 0.271 0.094 0.002 0.094 0.271 0.413 0.492 0.517 0.492 0.413 0.271 0.094

0.07384  0.002 0.094 0.271 0.413 0.492 0.517 0.492 0.413 0.271 0.094 0.002 0.094 0.271 0.413 0.492 0.517 0.492 0.413 0.271 0.094

0.07385  0.002 0.094 0.271 0.413 0.492 0.517 0.492 0.413 0.271 0.094 0.002 0.094 0.271 0.413 0.492 0.517 0.492 0.413 0.271 0.094

0.07387  0.002 0.094 0.271 0.413 0.492 0.517 0.492 0.413 0.271 0.094 0.002 0.094 0.271 0.413 0.492 0.517 0.492 0.413 0.271 0.094

0.07388  0.002 0.094 0.271 0.413 0.492 0.517 0.492 0.413 0.271 0.094 0.002 0.094 0.271 0.413 0.492 0.517 0.492 0.413 0.271 0.094

0.07390  0.002 0.094 0.271 0.413 0.492 0.517 0.492 0.413 0.271 0.094 0.002 0.094 0.271 0.413 0.492 0.517 0.492 0.413 0.271 0.094

0.07391  0.002 0.094 0.271 0.413 0.492 0.517 0.492 0.413 0.271 0.094 0.002 0.094 0.271 0.413 0.492 0.517 0.492 0.413 0.271 0.094

0.07393  0.002 0.094 0.271 0.413 0.492 0.517 0.492 0.413 0.271 0.094 0.002 0.094 0.271 0.413 0.492 0.517 0.492 0.413 0.271 0.094

0.07394  0.002 0.094 0.271 0.413 0.492 0.517 0.492 0.413 0.271 0.094 0.002 0.094 0.271 0.413 0.492 0.517 0.492 0.413 0.271 0.094

0.07396  0.002 0.094 0.271 0.413 0.492 0.517 0.492 0.413 0.271 0.094 0.002 0.094 0.271 0.413 0.492 0.517 0.492 0.413 0.271 0.094

0.07397  0.002 0.094 0.271 0.413 0.492 0.517 0.492 0.413 0.271 0.094 0.002 0.094 0.271 0.413 0.492 0.517 0.492 0.413 0.271 0.094

0.07399  0.002 0.094 0.271 0.413 0.492 0.517 0.492 0.413 0.271 0.094 0.002 0.094 0.271 0.413 0.492 0.517 0.492 0.413 0.271 0.094

0.07400  0.002 0.094 0.271 0.413 0.492 0.517 0.492 0.413 0.271 0.094 0.002 0.094 0.271 0.413 0.492 0.517 0.492 0.413 0.271 0.094

0.07401  0.002 0.094 0.271 0.413 0.492 0.517 0.492 0.413 0.271 0.094 0.002 0.094 0.271 0.413 0.492 0.517 0.492 0.413 0.271 0.094

0.07403  0.002 0.094 0.271 0.413 0.492 0.517 0.492 0.413 0.271 0.094 0.002 0.094 0.271 0.413 0.492 0.517 0.492 0.413 0.271 0.094

0.07404  0.002 0.094 0.271 0.413 0.492 0.517 0.492 0.413 0.271 0.094 0.002 0.094 0.271 0.413 0.492 0.517 0.492 0.413 0.271 0.094

0.07406  0.002 0.094 0.271 0.413 0.492 0.517 0.492 0.413 0.271 0.094 0.002 0.094 0.271 0.413 0.492 0.517 0.492 0.413 0.271 0.094

0.07407  0.002 0.094 0.271 0.413 0.492 0.517 0.492 0.413 0.271 0.094 0.002 0.094 0.271 0.413 0.492 0.517 0.492 0.413 0.271 0.094

0.07409  0.002 0.094 0.271 0.413 0.492 0.517 0.492 0.413 0.271 0.094 0.002 0.094 0.271 0.413 0.492 0.517 0.492 0.413 0.271 0.094

0.07410  0.002 0.094 0.271 0.413 0.492 0.517 0.492 0.413 0.271 0.094 0.002 0.094 0.271 0.413 0.492 0.517 0.492 0.413 0.271 0.094

0.07412  0.002 0.094 0.271 0.413 0.492 0.517 0.492 0.413 0.271 0.094 0.002 0.094 0.271 0.413 0.492 0.517 0.492 0.413 0.271 0.094

0.07413  0.002 0.094 0.271 0.413 0.492 0.517 0.492 0.413 0.271 0.094 0.002 0.094 0.271 0.413 0.492 0.517 0.492 0.413 0.271 0.094

0.07415  0.002 0.094 0.271 0.413 0.492 0.517 0.492 0.413 0.271 0.094 0.002 0.094 0.271 0.413 0.492 0.517 0.492 0.413 0.271 0.094

0.07416  0.002 0.094 0.271 0.413 0.492 0.517 0.492 0.413 0.271 0.094 0.002 0.094 0.271 0.413 0.492 0.517 0.492 0.413 0.271 0.094

0.07418  0.002 0.094 0.271 0.413 0.492 0.517 0.492 0.413 0.271 0.094 0.002 0.094 0.271 0.413 0.492 0.517 0.492 0.413 0.271 0.094

0.07419  0.002 0.094 0.271 0.413 0.492 0.517 0.492 0.413 0.271 0.094 0.002 0.094 0.271 0.413 0.492 0.517 0.492 0.413 0.271 0.094

0.07421  0.002 0.094 0.271 0.413 0.492 0.517 0.492 0.413 0.271 0.094 0.002 0.094 0.271 0.413 0.492 0.517 0.492 0.413 0.271 0.094

0.07422  0.002 0.094 0.271 0.413 0.492 0.517 0.492 0.413 0.271 0.094 0.002 0.094 0.271 0.413 0.492 0.517 0.492 0.413 0.271 0.094

0.07423  0.002 0.094 0.271 0.413 0.492 0.517 0.492 0.413 0.271 0.094 0.002 0.094 0.271 0.413 0.492 0.517 0.492 0.413 0.271 0.094

0.07425  0.002 0.094 0.271 0.413 0.492 0.517 0.492 0.413 0.271 0.094 0.002 0.094 0.271 0.413 0.492 0.517 0.492 0.413 0.271 0.094

0.07426  0.002 0.094 0.271 0.413 0.492 0.517 0.492 0.413 0.271 0.094 0.002 0.094 0.271 0.413 0.492 0.517 0.492 0.413 0.271 0.094

0.07428  0.002 0.094 0.271 0.413 0.492 0.517 0.492 0.413 0.271 0.094 0.002 0.094 0.271 0.413 0.492 0.517 0.492 0.413 0.271 0.094

0.07429  0.002 0.094 0.271 0.413 0.492 0.517 0.492 0.413 0.271 0.094 0.002 0.094 0.271 0.413 0.492 0.517 0.492 0.413 0.271 0.094

0.07431  0.002 0.094 0.271 0.413 0.492 0.517 0.492 0.413 0.271 0.094 0.002 0.094 0.271 0.413 0.492 0.517 0.492 0.413 0.271 0.094

0.07432  0.002 0.094 0.271 0.413 0.492 0.517 0.492 0.413 0.271 0.094 0.002 0.094 0.271 0.413 0.492 0.517 0.492 0.413 0.271 0.094

0.07434  0.002 0.094 0.271 0.413 0.492 0.517 0.492 0.413 0.271 0.094 0.002 0.094 0.271 0.413 0.492 0.517 0.492 0.413 0.271 0.094

0.07435  0.002 0.094 0.271 0.413 0.492 0.517 0.492 0.413 0.271 0.094 0.002 0.094 0.271 0.413 0.492 0.517 0.492 0.413 0.271 0.094

0.07437  0.002 0.094 0.271 0.413 0.492 0.517 0.492 0.413 0.271 0.094 0.002 0.094 0.271 0.413 0.492 0.517 0.492 0.413 0.271 0.094

0.07438  0.002 0.094 0.271 0.413 0.492 0.517 0.492 0.413 0.271 0.094 0.002 0.094 0.271 0.413 0.492 0.517 0.492 0.413 0.271 0.094

0.07440  0.002 0.094 0.271 0.413 0.492 0.517 0.492 0.413 0.271 0.094 0.002 0.094 0.271 0.413 0.492 0.517 0.492 0.413 0.271 0.094

0.07441  0.002 0.094 0.271 0.413 0.492 0.517 0.492 0.413 0.271 0.094 0.002 0.094 0.271 0.413 0.492 0.517 0.492 0.413 0.271 0.094

0.07443  0.002 0.094 0.271 0.413 0.492 0.517 0.492 0.413 0.271 0.094 0.002 0.094 0.271 0.413 0.492 0.517 0.492 0.413 0.271 0.094

0.07444  0.002 0.094 0.271 0.413 0.492 0.517 0.492 0.413 0.271 0.094 0.002 0.094 0.271 0.413 0.492 0.517 0.492 0.413 0.271 0.094

0.07445  0.002 0.094 0.271 0.413 0.492 0.517 0.492 0.413 0.271 0.094 0.002 0.094 0.271 0.413 0.492 0.517 0.492 0.413 0.271 0.094

0.07447  0.002 0.094 0.271 0.413 0.492 0.517 0.492 0.413 0.271 0.094 0.002 0.094 0.271 0.413 0.492 0.517 0.492 0.413 0.271 0.094

0.07448  0.002 0.094 0.271 0.413 0.492 0.517 0.492 0.413 0.271 0.094 0.002 0.094 0.271 0.413 0.492 0.517 0.492 0.413 0.271 0.094

0.07450  0.002 0.094 0.271 0.413 0.492 0.517 0.492 0.413 0.271 0.094 0.002 0.094 0.271 0.413 0.492 0.517 0.492 0.413 0.271 0.094

0.07451  0.002 0.094 0.271 0.413 0.492 0.517 0.492 0.413 0.271 0.094 0.002 0.094 0.271 0.413 0.492 0.517 0.492 0.413 0.271 0.094

0.07453  0.002 0.094 0.271 0.413 0.492 0.517 0.492 0.413 0.271 0.094 0.002 0.094 0.271 0.413 0.492 0.517 0.492 0.413 0.271 0.094

0.07454  0.002 0.094 0.271 0.413 0.492 0.517 0.492 0.413 0.271 0.094 0.002 0.094 0.271 0.413 0.492 0.517 0.492 0.413 0.271 0.094

0.07456  0.002 0.094 0.271 0.413 0.492 0.517 0.492 0.413 0.271 0.094 0.002 0.094 0.271 0.413 0.492 0.517 0.492 0.413 0.271 0.094

0.07457  0.002 0.094 0.271 0.413 0.492 0.517 0.492 0.413 0.271 0.094 0.002 0.094 0.271 0.413 0.492 0.517 0.492 0.413 0.271 0.094

0.07459  0.002 0.094 0.271 0.413 0.492 0.517 0.492 0.413 0.271 0.094 0.002 0.094 0.271 0.413 0.492 0.517 0.492 0.413 0.271 0.094

0.07460  0.002 0.094 0.271 0.413 0.492 0.517 0.492 0.413 0.271 0.094 0.002 0.094 0.271 0.413 0.492 0.517 0.492 0.413 0.271 0.094

0.07462  0.002 0.094 0.271 0.413 0.492 0.517 0.492 0.413 0.271 0.094 0.002 0.094 0.271 0.413 0.492 0.517 0.492 0.413 0.271 0.094

0.07463  0.002 0.094 0.271 0.413 0.492 0.517 0.492 0.413 0.271 0.094 0.002 0.094 0.271 0.413 0.492 0.517 0.492 0.413 0.271 0.094

0.07465  0.002 0.094 0.271 0.413 0.492 0.517 0.492 0.413 0.271 0.094 0.002 0.094 0.271 0.413 0.492 0.517 0.492 0.413 0.271 0.094

0.07466  0.002 0.094 0.271 0.413 0.492 0.517 0.492 0.413 0.271 0.094 0.002 0.094 0.271 0.413 0.492 0.517 0.492 0.413 0.271 0.094

0.07467  0.002 0.094 0.271 0.413 0.492 0.517 0.492 0.413 0.271 0.094 0.002 0.094 0.271 0.413 0.492 0.517 0.492 0.413 0.271 0.094

0.07469  0.002 0.094 0.271 0.413 0.492 0.517 0.492 0.413 0.271 0.094 0.002 0.094 0.271 0.413 0.492 0.517 0.492 0.413 0.271 0.094

0.07470  0.002 0.094 0.271 0.413 0.492 0.517 0.492 0.413 0.271 0.094 0.002 0.094 0.271 0.413 0.492 0.517 0.492 0.413 0.271 0.094

0.07472  0.002 0.094 0.271 0.413 0.492 0.517 0.492 0.413 0.271 0.094 0.002 0.094 0.271 0.413 0.492 0.517 0.492 0.413 0.271 0.094

0.07473  0.002 0.094 0.271 0.413 0.492 0.517 0.492 0.413 0.271 0.094 0.002 0.094 0.271 0.413 0.492 0.517 0.492 0.413 0.271 0.094

0.07475  0.002 0.094 0.271 0.413 0.492 0.517 0.492 0.413 0.271 0.094 0.002 0.094 0.271 0.413 0.492 0.517 0.492 0.413 0.271 0.094

0.07476  0.002 0.094 0.271 0.413 0.492 0.517 0.492 0.413 0.271 0.094 0.002 0.094 0.271 0.413 0.492 0.517 0.492 0.413 0.271 0.094

0.07478  0.002 0.094 0.271 0.413 0.492 0.517 0.492 0.413 0.271 0.094 0.002 0.094 0.271 0.413 0.492 0.517 0.492 0.413 0.271 0.094

0.07479  0.002 0.094 0.271 0.413 0.492 0.517 0.492 0.413 0.271 0.094 0.002 0.094 0.271 0.413 0.492 0.517 0.492 0.413 0.271 0.094

0.07481  0.002 0.094 0.271 0.413 0.492 0.517 0.492 0.413 0.271 0.094 0.002 0.094 0.271 0.413 0.492 0.517 0.492 0.413 0.271 0.094

0.07482  0.002 0.094 0.271 0.413 0.492 0.517 0.492 0.413 0.271 0.094 0.002 0.094 0.271 0.413 0.492 0.517 0.492 0.413 0.271 0.094

0.07484  0.002 0.094 0.271 0.413 0.492 0.517 0.492 0.413 0.271 0.094 0.002 0.094 0.271 0.413 0.492 0.517 0.492 0.413 0.271 0.094

0.07485  0.002 0.094 0.271 0.413 0.492 0.517 0.492 0.413 0.271 0.094 0.002 0.094 0.271 0.413 0.492 0.517 0.492 0.413 0.271 0.094

0.07487  0.002 0.094 0.271 0.413 0.492 0.517 0.492 0.413 0.271 0.094 0.002 0.094 0.271 0.413 0.492 0.517 0.492 0.413 0.271 0.094

0.07488  0.002 0.094 0.271 0.413 0.492 0.517 0.492 0.413 0.271 0.094 0.002 0.094 0.271 0.413 0.492 0.517 0.492 0.413 0.271 0.094

0.07490  0.002 0.094 0.271 0.413 0.492 0.517 0.492 0.413 0.271 0.094 0.002 0.094 0.271 0.413 0.492 0.517 0.492 0.413 0.271 0.094

0.07491  0.002 0.094 0.271 0.413 0.492 0.517 0.492 0.413 0.271 0.094 0.002 0.094 0.271 0.413 0.492 0.517 0.492 0.413 0.271 0.094

0.07492  0.002 0.094 0.271 0.413 0.492 0.517 0.492 0.413 0.271 0.094 0.002 0.094 0.271 0.413 0.492 0.517 0.492 0.413 0.271 0.094

0.07494  0.002 0.094 0.271 0.413 0.492 0.517 0.492 0.413 0.271 0.094 0.002 0.094 0.271 0.413 0.492 0.517 0.492 0.413 0.271 0.094

0.07495  0.002 0.094 0.271 0.413 0.492 0.517 0.492 0.413 0.271 0.094 0.002 0.094 0.271 0.413 0.492 0.517 0.492 0.413 0.271 0.094

0.07497  0.002 0.094 0.271 0.413 0.492 0.517 0.492 0.413 0.271 0.094 0.002 0.094 0.271 0.413 0.492 0.517 0.492 0.413 0.271 0.094

0.07498  0.002 0.094 0.271 0.413 0.492 0.517 0.492 0.413 0.271 0.094 0.002 0.094 0.271 0.413 0.492 0.517 0.492 0.413 0.271 0.094

0.07500  0.002 0.094 0.271 0.413 0.492 0.517 0.492 0.413 0.271 0.094 0.002 0.094 0.271 0.413 0.492 0.517 0.492 0.413 0.271 0.094

0.07501  0.002 0.094 0.271 0.413 0.492 0.517 0.492 0.413 0.271 0.094 0.002 0.094 0.271 0.413 0.492 0.517 0.492 0.413 0.271 0.094

0.07503  0.002 0.094 0.271 0.413 0.492 0.517 0.492 0.413 0.271 0.094 0.002 0.094 0.271 0.413 0.492 0.517 0.492 0.413 0.271 0.094

0.07504  0.002 0.094 0.271 0.413 0.492 0.517 0.492 0.413 0.271 0.094 0.002 0.094 0.271 0.413 0.492 0.517 0.492 0.413 0.271 0.094

0.07506  0.002 0.094 0.271 0.413 0.492 0.517 0.492 0.413 0.271 0.094 0.002 0.094 0.271 0.413 0.492 0.517 0.492 0.413 0.271 0.094

0.07507  0.002 0.094 0.271 0.413 0.492 0.517 0.492 0.413 0.271 0.094 0.002 0.094 0.271 0.413 0.492 0.517 0.492 0.413 0.271 0.094

0.07509  0.002 0.094 0.271 0.413 0.492 0.517 0.492 0.413 0.271 0.094 0.002 0.094 0.271 0.413 0.492 0.517 0.492 0.413 0.271 0.094

0.07510  0.002 0.094 0.271 0.413 0.492 0.517 0.492 0.413 0.271 0.094 0.002 0.094 0.271 0.413 0.492 0.517 0.492 0.413 0.271 0.094

0.07512  0.002 0.094 0.271 0.413 0.492 0.517 0.492 0.413 0.271 0.094 0.002 0.094 0.271 0.413 0.492 0.517 0.492 0.413 0.271 0.094

0.07513  0.002 0.094 0.271 0.413 0.492 0.517 0.492 0.413 0.271 0.094 0.002 0.094 0.271 0.413 0.492 0.517 0.492 0.413 0.271 0.094

0.07514  0.002 0.094 0.271 0.413 0.492 0.517 0.492 0.413 0.271 0.094 0.002 0.094 0.271 0.413 0.492 0.517 0.492 0.413 0.271 0.094

0.07516  0.002 0.094 0.271 0.413 0.492 0.517 0.492 0.413 0.271 0.094 0.002 0.094 0.271 0.413 0.492 0.517 0.492 0.413 0.271 0.094

0.07517  0.002 0.094 0.271 0.413 0.492 0.517 0.492 0.413 0.271 0.094 0.002 0.094 0.271 0.413 0.492 0.517 0.492 0.413 0.271 0.094

0.07519  0.002 0.094 0.271 0.413 0.492 0.517 0.492 0.413 0.271 0.094 0.002 0.094 0.271 0.413 0.492 0.517 0.492 0.413 0.271 0.094

0.07520  0.002 0.094 0.271 0.413 0.492 0.517 0.492 0.413 0.271 0.094 0.002 0.094 0.271 0.413 0.492 0.517 0.492 0.413 0.271 0.094

0.07522  0.002 0.094 0.271 0.413 0.492 0.517 0.492 0.413 0.271 0.094 0.002 0.094 0.271 0.413 0.492 0.517 0.492 0.413 0.271 0.094

0.07523  0.002 0.094 0.271 0.413 0.492 0.517 0.492 0.413 0.271 0.094 0.002 0.094 0.271 0.413 0.492 0.517 0.492 0.413 0.271 0.094

0.07525  0.002 0.094 0.271 0.413 0.492 0.517 0.492 0.413 0.271 0.094 0.002 0.094 0.271 0.413 0.492 0.517 0.492 0.413 0.271 0.094

0.07526  0.002 0.094 0.271 0.413 0.492 0.517 0.492 0.413 0.271 0.094 0.002 0.094 0.271 0.413 0.492 0.517 0.492 0.413 0.271 0.094

0.07528  0.002 0.094 0.271 0.413 0.492 0.517 0.492 0.413 0.271 0.094 0.002 0.094 0.271 0.413 0.492 0.517 0.492 0.413 0.271 0.094

0.07529  0.002 0.094 0.271 0.413 0.492 0.517 0.492 0.413 0.271 0.094 0.002 0.094 0.271 0.413 0.492 0.517 0.492 0.413 0.271 0.094

0.07531  0.002 0.094 0.271 0.413 0.492 0.517 0.492 0.413 0.271 0.094 0.002 0.094 0.271 0.413 0.492 0.517 0.492 0.413 0.271 0.094

0.07532  0.002 0.094 0.271 0.413 0.492 0.517 0.492 0.413 0.271 0.094 0.002 0.094 0.271 0.413 0.492 0.517 0.492 0.413 0.271 0.094

0.07534  0.002 0.094 0.271 0.413 0.492 0.517 0.492 0.413 0.271 0.094 0.002 0.094 0.271 0.413 0.492 0.517 0.492 0.413 0.271 0.094

0.07535  0.002 0.094 0.271 0.413 0.492 0.517 0.492 0.413 0.271 0.094 0.002 0.094 0.271 0.413 0.492 0.517 0.492 0.413 0.271 0.094

0.07536  0.002 0.094 0.271 0.413 0.492 0.517 0.492 0.413 0.271 0.094 0.002 0.094 0.271 0.413 0.492 0.517 0.492 0.413 0.271 0.094

0.07538  0.002 0.094 0.271 0.413 0.492 0.517 0.492 0.413 0.271 0.094 0.002 0.094 0.271 0.413 0.492 0.517 0.492 0.413 0.271 0.094

0.07539  0.002 0.094 0.271 0.413 0.492 0.517 0.492 0.413 0.271 0.094 0.002 0.094 0.271 0.413 0.492 0.517 0.492 0.413 0.271 0.094

0.07541  0.002 0.094 0.271 0.413 0.492 0.517 0.492 0.413 0.271 0.094 0.002 0.094 0.271 0.413 0.492 0.517 0.492 0.413 0.271 0.094

0.07542  0.002 0.094 0.271 0.413 0.492 0.517 0.492 0.413 0.271 0.094 0.002 0.094 0.271 0.413 0.492 0.517 0.492 0.413 0.271 0.094

0.07544  0.002 0.094 0.271 0.413 0.492 0.517 0.492 0.413 0.271 0.094 0.002 0.094 0.271 0.413 0.492 0.517 0.492 0.413 0.271 0.094

0.07545  0.002 0.094 0.271 0.413 0.492 0.517 0.492 0.413 0.271 0.094 0.002 0.094 0.271 0.413 0.492 0.517 0.492 0.413 0.271 0.094

0.07547  0.002 0.094 0.271 0.413 0.492 0.517 0.492 0.413 0.271 0.094 0.002 0.094 0.271 0.413 0.492 0.517 0.492 0.413 0.271 0.094

0.07548  0.002 0.094 0.271 0.413 0.492 0.517 0.492 0.413 0.271 0.094 0.002 0.094 0.271 0.413 0.492 0.517 0.492 0.413 0.271 0.094

0.07550  0.002 0.094 0.271 0.413 0.492 0.517 0.492 0.413 0.271 0.094 0.002 0.094 0.271 0.413 0.492 0.517 0.492 0.413 0.271 0.094

0.07551  0.002 0.094 0.271 0.413 0.492 0.517 0.492 0.413 0.271 0.094 0.002 0.094 0.271 0.413 0.492 0.517 0.492 0.413 0.271 0.094

0.07553  0.002 0.094 0.271 0.413 0.492 0.517 0.492 0.413 0.271 0.094 0.002 0.094 0.271 0.413 0.492 0.517 0.492 0.413 0.271 0.094

0.07554  0.002 0.094 0.271 0.413 0.492 0.517 0.492 0.413 0.271 0.094 0.002 0.094 0.271 0.413 0.492 0.517 0.492 0.413 0.271 0.094

0.07556  0.002 0.094 0.271 0.413 0.492 0.517 0.492 0.413 0.271 0.094 0.002 0.094 0.271 0.413 0.492 0.517 0.492 0.413 0.271 0.094

0.07557  0.002 0.094 0.271 0.413 0.492 0.517 0.492 0.413 0.271 0.094 0.002 0.094 0.271 0.413 0.492 0.517 0.492 0.413 0.271 0.094

0.07558  0.002 0.094 0.271 0.413 0.492 0.517 0.492 0.413 0.271 0.094 0.002 0.094 0.271 0.413 0.492 0.517 0.492 0.413 0.271 0.094

0.07560  0.002 0.094 0.271 0.413 0.492 0.517 0.492 0.413 0.271 0.094 0.002 0.094 0.271 0.413 0.492 0.517 0.492 0.413 0.271 0.094

0.07561  0.002 0.094 0.271 0.413 0.492 0.517 0.492 0.413 0.271 0.094 0.002 0.094 0.271 0.413 0.492 0.517 0.492 0.413 0.271 0.094

0.07563  0.002 0.094 0.271 0.413 0.492 0.517 0.492 0.413 0.271 0.094 0.002 0.094 0.271 0.413 0.492 0.517 0.492 0.413 0.271 0.094

0.07564  0.002 0.094 0.271 0.413 0.492 0.517 0.492 0.413 0.271 0.094 0.002 0.094 0.271 0.413 0.492 0.517 0.492 0.413 0.271 0.094

0.07566  0.002 0.094 0.271 0.413 0.492 0.517 0.492 0.413 0.271 0.094 0.002 0.094 0.271 0.413 0.492 0.517 0.492 0.413 0.271 0.094

0.07567  0.002 0.094 0.271 0.413 0.492 0.517 0.492 0.413 0.271 0.094 0.002 0.094 0.271 0.413 0.492 0.517 0.492 0.413 0.271 0.094

0.07569  0.002 0.094 0.271 0.413 0.492 0.517 0.492 0.413 0.271 0.094 0.002 0.094 0.271 0.413 0.492 0.517 0.492 0.413 0.271 0.094

0.07570  0.002 0.094 0.271 0.413 0.492 0.517 0.492 0.413 0.271 0.094 0.002 0.094 0.271 0.413 0.492 0.517 0.492 0.413 0.271 0.094

0.07572  0.002 0.094 0.271 0.413 0.492 0.517 0.492 0.413 0.271 0.094 0.002 0.094 0.271 0.413 0.492 0.517 0.492 0.413 0.271 0.094

0.07573  0.002 0.094 0.271 0.413 0.492 0.517 0.492 0.413 0.271 0.094 0.002 0.094 0.271 0.413 0.492 0.517 0.492 0.413 0.271 0.094

0.07575  0.002 0.094 0.271 0.413 0.492 0.517 0.492 0.413 0.271 0.094 0.002 0.094 0.271 0.413 0.492 0.517 0.492 0.413 0.271 0.094

0.07576  0.002 0.094 0.271 0.413 0.492 0.517 0.492 0.413 0.271 0.094 0.002 0.094 0.271 0.413 0.492 0.517 0.492 0.413 0.271 0.094

0.07578  0.002 0.094 0.271 0.413 0.492 0.517 0.492 0.413 0.271 0.094 0.002 0.094 0.271 0.413 0.492 0.517 0.492 0.413 0.271 0.094

0.07579  0.002 0.094 0.271 0.413 0.492 0.517 0.492 0.413 0.271 0.094 0.002 0.094 0.271 0.413 0.492 0.517 0.492 0.413 0.271 0.094

0.07580  0.002 0.094 0.271 0.413 0.492 0.517 0.492 0.413 0.271 0.094 0.002 0.094 0.271 0.413 0.492 0.517 0.492 0.413 0.271 0.094

0.07582  0.002 0.094 0.271 0.413 0.492 0.517 0.492 0.413 0.271 0.094 0.002 0.094 0.271 0.413 0.492 0.517 0.492 0.413 0.271 0.094

0.07583  0.002 0.094 0.271 0.413 0.492 0.517 0.492 0.413 0.271 0.094 0.002 0.094 0.271 0.413 0.492 0.517 0.492 0.413 0.271 0.094

0.07585  0.002 0.094 0.271 0.413 0.492 0.517 0.492 0.413 0.271 0.094 0.002 0.094 0.271 0.413 0.492 0.517 0.492 0.413 0.271 0.094

0.07586  0.002 0.094 0.271 0.413 0.492 0.517 0.492 0.413 0.271 0.094 0.002 0.094 0.271 0.413 0.492 0.517 0.492 0.413 0.271 0.094

0.07588  0.002 0.094 0.271 0.413 0.492 0.517 0.492 0.413 0.271 0.094 0.002 0.094 0.271 0.413 0.492 0.517 0.492 0.413 0.271 0.094

0.07589  0.002 0.094 0.271 0.413 0.492 0.517 0.492 0.413 0.271 0.094 0.002 0.094 0.271 0.413 0.492 0.517 0.492 0.413 0.271 0.094

0.07591  0.002 0.094 0.271 0.413 0.492 0.517 0.492 0.413 0.271 0.094 0.002 0.094 0.271 0.413 0.492 0.517 0.492 0.413 0.271 0.094

0.07592  0.002 0.094 0.271 0.413 0.492 0.517 0.492 0.413 0.271 0.094 0.002 0.094 0.271 0.413 0.492 0.517 0.492 0.413 0.271 0.094

0.07594  0.002 0.094 0.271 0.413 0.492 0.517 0.492 0.413 0.271 0.094 0.002 0.094 0.271 0.413 0.492 0.517 0.492 0.413 0.271 0.094

0.07595  0.002 0.094 0.271 0.413 0.492 0.517 0.492 0.413 0.271 0.094 0.002 0.094 0.271 0.413 0.492 0.517 0.492 0.413 0.271 0.094

0.07597  0.002 0.094 0.271 0.413 0.492 0.517 0.492 0.413 0.271 0.094 0.002 0.094 0.271 0.413 0.492 0.517 0.492 0.413 0.271 0.094

0.07598  0.002 0.094 0.271 0.413 0.492 0.517 0.492 0.413 0.271 0.094 0.002 0.094 0.271 0.413 0.492 0.517 0.492 0.413 0.271 0.094

0.07600  0.002 0.094 0.271 0.413 0.492 0.517 0.492 0.413 0.271 0.094 0.002 0.094 0.271 0.413 0.492 0.517 0.492 0.413 0.271 0.094

0.07601  0.002 0.094 0.271 0.413 0.492 0.517 0.492 0.413 0.271 0.094 0.002 0.094 0.271 0.413 0.492 0.517 0.492 0.413 0.271 0.094

0.07602  0.002 0.094 0.271 0.413 0.492 0.517 0.492 0.413 0.271 0.094 0.002 0.094 0.271 0.413 0.492 0.517 0.492 0.413 0.271 0.094

0.07604  0.002 0.094 0.271 0.413 0.492 0.517 0.492 0.413 0.271 0.094 0.002 0.094 0.271 0.413 0.492 0.517 0.492 0.413 0.271 0.094

0.07605  0.002 0.094 0.271 0.413 0.492 0.517 0.492 0.413 0.271 0.094 0.002 0.094 0.271 0.413 0.492 0.517 0.492 0.413 0.271 0.094

0.07607  0.002 0.094 0.271 0.413 0.492 0.517 0.492 0.413 0.271 0.094 0.002 0.094 0.271 0.413 0.492 0.517 0.492 0.413 0.271 0.094

0.07608  0.002 0.094 0.271 0.413 0.492 0.517 0.492 0.413 0.271 0.094 0.002 0.094 0.271 0.413 0.492 0.517 0.492 0.413 0.271 0.094

0.07610  0.002 0.094 0.271 0.413 0.492 0.517 0.492 0.413 0.271 0.094 0.002 0.094 0.271 0.413 0.492 0.517 0.492 0.413 0.271 0.094

0.07611  0.002 0.094 0.271 0.413 0.492 0.517 0.492 0.413 0.271 0.094 0.002 0.094 0.271 0.413 0.492 0.517 0.492 0.413 0.271 0.094

0.07613  0.002 0.094 0.271 0.413 0.492 0.517 0.492 0.413 0.271 0.094 0.002 0.094 0.271 0.413 0.492 0.517 0.492 0.413 0.271 0.094

0.07614  0.002 0.094 0.271 0.413 0.492 0.517 0.492 0.413 0.271 0.094 0.002 0.094 0.271 0.413 0.492 0.517 0.492 0.413 0.271 0.094

0.07616  0.002 0.094 0.271 0.413 0.492 0.517 0.492 0.413 0.271 0.094 0.002 0.094 0.271 0.413 0.492 0.517 0.492 0.413 0.271 0.094

0.07617  0.002 0.094 0.271 0.413 0.492 0.517 0.492 0.413 0.271 0.094 0.002 0.094 0.271 0.413 0.492 0.517 0.492 0.413 0.271 0.094

0.07619  0.002 0.094 0.271 0.413 0.492 0.517 0.492 0.413 0.271 0.094 0.002 0.094 0.271 0.413 0.492 0.517 0.492 0.413 0.271 0.094

0.07620  0.002 0.094 0.271 0.413 0.492 0.517 0.492 0.413 0.271 0.094 0.002 0.094 0.271 0.413 0.492 0.517 0.492 0.413 0.271 0.094

0.07622  0.002 0.094 0.271 0.413 0.492 0.517 0.492 0.413 0.271 0.094 0.002 0.094 0.271 0.413 0.492 0.517 0.492 0.413 0.271 0.094

0.07623  0.002 0.094 0.271 0.413 0.492 0.517 0.492 0.413 0.271 0.094 0.002 0.094 0.271 0.413 0.492 0.517 0.492 0.413 0.271 0.094

0.07625  0.002 0.094 0.271 0.413 0.492 0.517 0.492 0.413 0.271 0.094 0.002 0.094 0.271 0.413 0.492 0.517 0.492 0.413 0.271 0.094

0.07626  0.002 0.094 0.271 0.413 0.492 0.517 0.492 0.413 0.271 0.094 0.002 0.094 0.271 0.413 0.492 0.517 0.492 0.413 0.271 0.094

0.07627  0.002 0.094 0.271 0.413 0.492 0.517 0.492 0.413 0.271 0.094 0.002 0.094 0.271 0.413 0.492 0.517 0.492 0.413 0.271 0.094

0.07629  0.002 0.094 0.271 0.413 0.492 0.517 0.492 0.413 0.271 0.094 0.002 0.094 0.271 0.413 0.492 0.517 0.492 0.413 0.271 0.094

0.07630  0.002 0.094 0.271 0.413 0.492 0.517 0.492 0.413 0.271 0.094 0.002 0.094 0.271 0.413 0.492 0.517 0.492 0.413 0.271 0.094

0.07632  0.002 0.094 0.271 0.413 0.492 0.517 0.492 0.413 0.271 0.094 0.002 0.094 0.271 0.413 0.492 0.517 0.492 0.413 0.271 0.094

0.07633  0.002 0.094 0.271 0.413 0.492 0.517 0.492 0.413 0.271 0.094 0.002 0.094 0.271 0.413 0.492 0.517 0.492 0.413 0.271 0.094

0.07635  0.002 0.094 0.271 0.413 0.492 0.517 0.492 0.413 0.271 0.094 0.002 0.094 0.271 0.413 0.492 0.517 0.492 0.413 0.271 0.094

0.07636  0.002 0.094 0.271 0.413 0.492 0.517 0.492 0.413 0.271 0.094 0.002 0.094 0.271 0.413 0.492 0.517 0.492 0.413 0.271 0.094

0.07638  0.002 0.094 0.271 0.413 0.492 0.517 0.492 0.413 0.271 0.094 0.002 0.094 0.271 0.413 0.492 0.517 0.492 0.413 0.271 0.094

0.07639  0.002 0.094 0.271 0.413 0.492 0.517 0.492 0.413 0.271 0.094 0.002 0.094 0.271 0.413 0.492 0.517 0.492 0.413 0.271 0.094

0.07641  0.002 0.094 0.271 0.413 0.492 0.517 0.492 0.413 0.271 0.094 0.002 0.094 0.271 0.413 0.492 0.517 0.492 0.413 0.271 0.094

0.07642  0.002 0.094 0.271 0.413 0.492 0.517 0.492 0.413 0.271 0.094 0.002 0.094 0.271 0.413 0.492 0.517 0.492 0.413 0.271 0.094

0.07644  0.002 0.094 0.271 0.413 0.492 0.517 0.492 0.413 0.271 0.094 0.002 0.094 0.271 0.413 0.492 0.517 0.492 0.413 0.271 0.094

0.07645  0.002 0.094 0.271 0.413 0.492 0.517 0.492 0.413 0.271 0.094 0.002 0.094 0.271 0.413 0.492 0.517 0.492 0.413 0.271 0.094

0.07647  0.002 0.094 0.271 0.413 0.492 0.517 0.492 0.413 0.271 0.094 0.002 0.094 0.271 0.413 0.492 0.517 0.492 0.413 0.271 0.094

0.07648  0.002 0.094 0.271 0.413 0.492 0.517 0.492 0.413 0.271 0.094 0.002 0.094 0.271 0.413 0.492 0.517 0.492 0.413 0.271 0.094

0.07649  0.002 0.094 0.271 0.413 0.492 0.517 0.492 0.413 0.271 0.094 0.002 0.094 0.271 0.413 0.492 0.517 0.492 0.413 0.271 0.094

0.07651  0.002 0.094 0.271 0.413 0.492 0.517 0.492 0.413 0.271 0.094 0.002 0.094 0.271 0.413 0.492 0.517 0.492 0.413 0.271 0.094

0.07652  0.002 0.094 0.271 0.413 0.492 0.517 0.492 0.413 0.271 0.094 0.002 0.094 0.271 0.413 0.492 0.517 0.492 0.413 0.271 0.094

0.07654  0.002 0.094 0.271 0.413 0.492 0.517 0.492 0.413 0.271 0.094 0.002 0.094 0.271 0.413 0.492 0.517 0.492 0.413 0.271 0.094

0.07655  0.002 0.094 0.271 0.413 0.492 0.517 0.492 0.413 0.271 0.094 0.002 0.094 0.271 0.413 0.492 0.517 0.492 0.413 0.271 0.094

0.07657  0.002 0.094 0.271 0.413 0.492 0.517 0.492 0.413 0.271 0.094 0.002 0.094 0.271 0.413 0.492 0.517 0.492 0.413 0.271 0.094

0.07658  0.002 0.094 0.271 0.413 0.492 0.517 0.492 0.413 0.271 0.094 0.002 0.094 0.271 0.413 0.492 0.517 0.492 0.413 0.271 0.094

0.07660  0.002 0.094 0.271 0.413 0.492 0.517 0.492 0.413 0.271 0.094 0.002 0.094 0.271 0.413 0.492 0.517 0.492 0.413 0.271 0.094

0.07661  0.002 0.094 0.271 0.413 0.492 0.517 0.492 0.413 0.271 0.094 0.002 0.094 0.271 0.413 0.492 0.517 0.492 0.413 0.271 0.094

0.07663  0.002 0.094 0.271 0.413 0.492 0.517 0.492 0.413 0.271 0.094 0.002 0.094 0.271 0.413 0.492 0.517 0.492 0.413 0.271 0.094

0.07664  0.002 0.094 0.271 0.413 0.492 0.517 0.492 0.413 0.271 0.094 0.002 0.094 0.271 0.413 0.492 0.517 0.492 0.413 0.271 0.094

0.07666  0.002 0.094 0.271 0.413 0.492 0.517 0.492 0.413 0.271 0.094 0.002 0.094 0.271 0.413 0.492 0.517 0.492 0.413 0.271 0.094

0.07667  0.002 0.094 0.271 0.413 0.492 0.517 0.492 0.413 0.271 0.094 0.002 0.094 0.271 0.413 0.492 0.517 0.492 0.413 0.271 0.094

0.07669  0.002 0.094 0.271 0.413 0.492 0.517 0.492 0.413 0.271 0.094 0.002 0.094 0.271 0.413 0.492 0.517 0.492 0.413 0.271 0.094

0.07670  0.002 0.094 0.271 0.413 0.492 0.517 0.492 0.413 0.271 0.094 0.002 0.094 0.271 0.413 0.492 0.517 0.492 0.413 0.271 0.094

0.07671  0.002 0.094 0.271 0.413 0.492 0.517 0.492 0.413 0.271 0.094 0.002 0.094 0.271 0.413 0.492 0.517 0.492 0.413 0.271 0.094

0.07673  0.002 0.094 0.271 0.413 0.492 0.517 0.492 0.413 0.271 0.094 0.002 0.094 0.271 0.413 0.492 0.517 0.492 0.413 0.271 0.094

0.07674  0.002 0.094 0.271 0.413 0.492 0.517 0.492 0.413 0.271 0.094 0.002 0.094 0.271 0.413 0.492 0.517 0.492 0.413 0.271 0.094

0.07676  0.002 0.094 0.271 0.413 0.492 0.517 0.492 0.413 0.271 0.094 0.002 0.094 0.271 0.413 0.492 0.517 0.492 0.413 0.271 0.094

0.07677  0.002 0.094 0.271 0.413 0.492 0.517 0.492 0.413 0.271 0.094 0.002 0.094 0.271 0.413 0.492 0.517 0.492 0.413 0.271 0.094

0.07679  0.002 0.094 0.271 0.413 0.492 0.517 0.492 0.413 0.271 0.094 0.002 0.094 0.271 0.413 0.492 0.517 0.492 0.413 0.271 0.094

0.07680  0.002 0.094 0.271 0.413 0.492 0.517 0.492 0.413 0.271 0.094 0.002 0.094 0.271 0.413 0.492 0.517 0.492 0.413 0.271 0.094

0.07682  0.002 0.094 0.271 0.413 0.492 0.517 0.492 0.413 0.271 0.094 0.002 0.094 0.271 0.413 0.492 0.517 0.492 0.413 0.271 0.094

0.07683  0.002 0.094 0.271 0.413 0.492 0.517 0.492 0.413 0.271 0.094 0.002 0.094 0.271 0.413 0.492 0.517 0.492 0.413 0.271 0.094

0.07685  0.002 0.094 0.271 0.413 0.492 0.517 0.492 0.413 0.271 0.094 0.002 0.094 0.271 0.413 0.492 0.517 0.492 0.413 0.271 0.094

0.07686  0.002 0.094 0.271 0.413 0.492 0.517 0.492 0.413 0.271 0.094 0.002 0.094 0.271 0.413 0.492 0.517 0.492 0.413 0.271 0.094

0.07688  0.002 0.094 0.271 0.413 0.492 0.517 0.492 0.413 0.271 0.094 0.002 0.094 0.271 0.413 0.492 0.517 0.492 0.413 0.271 0.094

0.07689  0.002 0.094 0.271 0.413 0.492 0.517 0.492 0.413 0.271 0.094 0.002 0.094 0.271 0.413 0.492 0.517 0.492 0.413 0.271 0.094

0.07691  0.002 0.094 0.271 0.413 0.492 0.517 0.492 0.413 0.271 0.094 0.002 0.094 0.271 0.413 0.492 0.517 0.492 0.413 0.271 0.094

0.07692  0.002 0.094 0.271 0.413 0.492 0.517 0.492 0.413 0.271 0.094 0.002 0.094 0.271 0.413 0.492 0.517 0.492 0.413 0.271 0.094

0.07693  0.002 0.094 0.271 0.413 0.492 0.517 0.492 0.413 0.271 0.094 0.002 0.094 0.271 0.413 0.492 0.517 0.492 0.413 0.271 0.094

0.07695  0.002 0.094 0.271 0.413 0.492 0.517 0.492 0.413 0.271 0.094 0.002 0.094 0.271 0.413 0.492 0.517 0.492 0.413 0.271 0.094

0.07696  0.002 0.094 0.271 0.413 0.492 0.517 0.492 0.413 0.271 0.094 0.002 0.094 0.271 0.413 0.492 0.517 0.492 0.413 0.271 0.094

0.07698  0.002 0.094 0.271 0.413 0.492 0.517 0.492 0.413 0.271 0.094 0.002 0.094 0.271 0.413 0.492 0.517 0.492 0.413 0.271 0.094

0.07699  0.002 0.094 0.271 0.413 0.492 0.517 0.492 0.413 0.271 0.094 0.002 0.094 0.271 0.413 0.492 0.517 0.492 0.413 0.271 0.094

0.07701  0.002 0.094 0.271 0.413 0.492 0.517 0.492 0.413 0.271 0.094 0.002 0.094 0.271 0.413 0.492 0.517 0.492 0.413 0.271 0.094

0.07702  0.002 0.094 0.271 0.413 0.492 0.517 0.492 0.413 0.271 0.094 0.002 0.094 0.271 0.413 0.492 0.517 0.492 0.413 0.271 0.094

0.07704  0.002 0.094 0.271 0.413 0.492 0.517 0.492 0.413 0.271 0.094 0.002 0.094 0.271 0.413 0.492 0.517 0.492 0.413 0.271 0.094

0.07705  0.002 0.094 0.271 0.413 0.492 0.517 0.492 0.413 0.271 0.094 0.002 0.094 0.271 0.413 0.492 0.517 0.492 0.413 0.271 0.094

0.07707  0.002 0.094 0.271 0.413 0.492 0.517 0.492 0.413 0.271 0.094 0.002 0.094 0.271 0.413 0.492 0.517 0.492 0.413 0.271 0.094

0.07708  0.002 0.094 0.271 0.413 0.492 0.517 0.492 0.413 0.271 0.094 0.002 0.094 0.271 0.413 0.492 0.517 0.492 0.413 0.271 0.094

0.07710  0.002 0.094 0.271 0.413 0.492 0.517 0.492 0.413 0.271 0.094 0.002 0.094 0.271 0.413 0.492 0.517 0.492 0.413 0.271 0.094

0.07711  0.002 0.094 0.271 0.413 0.492 0.517 0.492 0.413 0.271 0.094 0.002 0.094 0.271 0.413 0.492 0.517 0.492 0.413 0.271 0.094

0.07713  0.002 0.094 0.271 0.413 0.492 0.517 0.492 0.413 0.271 0.094 0.002 0.094 0.271 0.413 0.492 0.517 0.492 0.413 0.271 0.094

0.07714  0.002 0.094 0.271 0.413 0.492 0.517 0.492 0.413 0.271 0.094 0.002 0.094 0.271 0.413 0.492 0.517 0.492 0.413 0.271 0.094

0.07715  0.002 0.094 0.271 0.413 0.492 0.517 0.492 0.413 0.271 0.094 0.002 0.094 0.271 0.413 0.492 0.517 0.492 0.413 0.271 0.094

0.07717  0.002 0.094 0.271 0.413 0.492 0.517 0.492 0.413 0.271 0.094 0.002 0.094 0.271 0.413 0.492 0.517 0.492 0.413 0.271 0.094

0.07718  0.002 0.094 0.271 0.413 0.492 0.517 0.492 0.413 0.271 0.094 0.002 0.094 0.271 0.413 0.492 0.517 0.492 0.413 0.271 0.094

0.07720  0.002 0.094 0.271 0.413 0.492 0.517 0.492 0.413 0.271 0.094 0.002 0.094 0.271 0.413 0.492 0.517 0.492 0.413 0.271 0.094

0.07721  0.002 0.094 0.271 0.413 0.492 0.517 0.492 0.413 0.271 0.094 0.002 0.094 0.271 0.413 0.492 0.517 0.492 0.413 0.271 0.094

0.07723  0.002 0.094 0.271 0.413 0.492 0.517 0.492 0.413 0.271 0.094 0.002 0.094 0.271 0.413 0.492 0.517 0.492 0.413 0.271 0.094

0.07724  0.002 0.094 0.271 0.413 0.492 0.517 0.492 0.413 0.271 0.094 0.002 0.094 0.271 0.413 0.492 0.517 0.492 0.413 0.271 0.094

