0.07286  -0.975 -0.657 -0.088 0.514 0.920 0.975 0.657 0.088 -0.515 -0.920 -0.974 -0.656 -0.087 0.515 0.921 0.974 0.656 0.087 -0.515 -0.921

0.07287  -0.940 -0.560 0.034 0.615 0.961 0.940 0.559 -0.035 -0.616 -0.961 -0.940 -0.559 0.035 0.616 0.961 0.939 0.559 -0.036 -0.616 -0.962

0.07288  -0.891 -0.454 0.156 0.707 0.988 0.891 0.454 -0.157 -0.708 -0.988 -0.891 -0.453 0.157 0.708 0.988 0.890 0.453 -0.158 -0.708 -0.988

0.07290  -0.829 -0.342 0.276 0.788 0.999 0.829 0.341 -0.277 -0.789 -0.999 -0.828 -0.341 0.277 0.789 0.999 0.828 0.340 -0.278 -0.789 -0.999

0.07291  -0.754 -0.224 0.392 0.858 0.996 0.754 0.223 -0.392 -0.858 -0.996 -0.753 -0.223 0.393 0.858 0.996 0.753 0.222 -0.393 -0.859 -0.996

0.07293  -0.668 -0.103 0.502 0.914 0.978 0.667 0.102 -0.502 -0.915 -0.978 -0.667 -0.102 0.503 0.915 0.978 0.667 0.101 -0.503 -0.915 -0.977

0.07294  -0.572 0.020 0.604 0.957 0.945 0.571 -0.020 -0.604 -0.957 -0.944 -0.571 0.021 0.605 0.957 0.944 0.570 -0.021 -0.605 -0.958 -0.944

0.07296  -0.467 0.142 0.697 0.985 0.897 0.466 -0.143 -0.697 -0.985 -0.897 -0.466 0.143 0.698 0.986 0.897 0.465 -0.144 -0.698 -0.986 -0.897

0.07297  -0.355 0.263 0.780 0.999 0.836 0.354 -0.263 -0.780 -0.999 -0.836 -0.354 0.264 0.780 0.999 0.836 0.353 -0.264 -0.781 -0.999 -0.836

0.07299  -0.237 0.379 0.851 0.997 0.763 0.237 -0.379 -0.851 -0.997 -0.763 -0.236 0.380 0.851 0.997 0.762 0.236 -0.380 -0.851 -0.997 -0.762

0.07300  -0.116 0.490 0.909 0.981 0.678 0.116 -0.490 -0.909 -0.980 -0.677 -0.116 0.490 0.909 0.980 0.677 0.115 -0.491 -0.909 -0.980 -0.677

0.07302  0.006 0.593 0.953 0.949 0.582 -0.007 -0.593 -0.953 -0.949 -0.582 0.007 0.594 0.953 0.949 0.582 -0.008 -0.594 -0.953 -0.949 -0.581

0.07303  0.129 0.687 0.983 0.903 0.478 -0.129 -0.688 -0.983 -0.903 -0.478 0.130 0.688 0.983 0.903 0.477 -0.130 -0.688 -0.983 -0.903 -0.477

0.07305  0.250 0.771 0.998 0.844 0.367 -0.250 -0.771 -0.998 -0.843 -0.366 0.251 0.772 0.998 0.843 0.366 -0.251 -0.772 -0.998 -0.843 -0.366

0.07306  0.367 0.844 0.998 0.771 0.250 -0.367 -0.844 -0.998 -0.771 -0.249 0.367 0.844 0.998 0.771 0.249 -0.368 -0.844 -0.998 -0.770 -0.249

0.07308  0.478 0.903 0.983 0.687 0.129 -0.478 -0.903 -0.983 -0.687 -0.129 0.479 0.903 0.983 0.687 0.128 -0.479 -0.904 -0.983 -0.686 -0.128

0.07309  0.582 0.949 0.953 0.593 0.006 -0.583 -0.949 -0.953 -0.593 -0.006 0.583 0.949 0.953 0.592 0.005 -0.583 -0.949 -0.953 -0.592 -0.005

0.07310  0.678 0.981 0.909 0.490 -0.116 -0.678 -0.981 -0.908 -0.489 0.117 0.678 0.981 0.908 0.489 -0.117 -0.679 -0.981 -0.908 -0.488 0.118

0.07312  0.763 0.997 0.850 0.379 -0.238 -0.763 -0.997 -0.850 -0.378 0.238 0.764 0.997 0.850 0.378 -0.238 -0.764 -0.997 -0.850 -0.378 0.239

0.07313  0.837 0.999 0.779 0.262 -0.355 -0.837 -0.999 -0.779 -0.262 0.356 0.837 0.999 0.779 0.261 -0.356 -0.837 -0.999 -0.779 -0.261 0.356

0.07315  0.898 0.985 0.697 0.142 -0.467 -0.898 -0.985 -0.696 -0.141 0.468 0.898 0.985 0.696 0.141 -0.468 -0.898 -0.985 -0.696 -0.140 0.469

0.07316  0.945 0.957 0.603 0.019 -0.572 -0.945 -0.957 -0.603 -0.018 0.573 0.945 0.957 0.602 0.018 -0.573 -0.945 -0.956 -0.602 -0.018 0.574

0.07318  0.978 0.914 0.500 -0.104 -0.669 -0.978 -0.914 -0.500 0.105 0.669 0.978 0.913 0.500 -0.105 -0.670 -0.978 -0.913 -0.499 0.105 0.670

0.07319  0.996 0.857 0.390 -0.226 -0.755 -0.996 -0.857 -0.390 0.226 0.756 0.996 0.856 0.389 -0.227 -0.756 -0.996 -0.856 -0.389 0.227 0.756

0.07321  0.999 0.787 0.274 -0.344 -0.830 -0.999 -0.787 -0.273 0.344 0.830 0.999 0.786 0.273 -0.345 -0.831 -0.999 -0.786 -0.273 0.345 0.831

0.07322  0.987 0.705 0.153 -0.457 -0.892 -0.987 -0.705 -0.153 0.457 0.893 0.987 0.704 0.153 -0.457 -0.893 -0.987 -0.704 -0.152 0.458 0.893

0.07324  0.960 0.612 0.031 -0.563 -0.941 -0.960 -0.612 -0.030 0.563 0.941 0.960 0.612 0.030 -0.563 -0.941 -0.960 -0.611 -0.029 0.564 0.942

0.07325  0.918 0.510 -0.093 -0.660 -0.976 -0.918 -0.510 0.093 0.660 0.976 0.918 0.510 -0.093 -0.661 -0.976 -0.918 -0.509 0.094 0.661 0.976

0.07327  0.863 0.401 -0.214 -0.748 -0.995 -0.863 -0.400 0.215 0.748 0.995 0.862 0.400 -0.215 -0.748 -0.995 -0.862 -0.400 0.216 0.748 0.995

0.07328  0.794 0.285 -0.333 -0.824 -1.000 -0.794 -0.285 0.333 0.824 1.000 0.793 0.284 -0.334 -0.824 -1.000 -0.793 -0.284 0.334 0.824 1.000

0.07330  0.713 0.165 -0.447 -0.887 -0.989 -0.713 -0.164 0.447 0.887 0.989 0.712 0.164 -0.447 -0.888 -0.989 -0.712 -0.163 0.448 0.888 0.989

0.07331  0.621 0.042 -0.553 -0.937 -0.963 -0.621 -0.042 0.554 0.937 0.963 0.621 0.041 -0.554 -0.938 -0.963 -0.620 -0.041 0.554 0.938 0.963

0.07332  0.520 -0.081 -0.652 -0.973 -0.923 -0.520 0.082 0.652 0.973 0.922 0.519 -0.082 -0.652 -0.973 -0.922 -0.519 0.083 0.653 0.973 0.922

0.07334  0.411 -0.204 -0.740 -0.994 -0.868 -0.410 0.204 0.741 0.994 0.868 0.410 -0.204 -0.741 -0.994 -0.868 -0.410 0.205 0.741 0.994 0.867

0.07335  0.295 -0.323 -0.817 -1.000 -0.800 -0.295 0.323 0.818 1.000 0.800 0.295 -0.323 -0.818 -1.000 -0.800 -0.294 0.324 0.818 1.000 0.800

0.07337  0.175 -0.437 -0.882 -0.990 -0.720 -0.175 0.437 0.882 0.990 0.720 0.175 -0.438 -0.883 -0.990 -0.720 -0.174 0.438 0.883 0.990 0.719

0.07338  0.053 -0.545 -0.934 -0.966 -0.629 -0.052 0.545 0.934 0.966 0.629 0.052 -0.545 -0.934 -0.966 -0.629 -0.051 0.546 0.934 0.966 0.628

0.07340  -0.071 -0.644 -0.971 -0.927 -0.529 0.071 0.644 0.971 0.926 0.528 -0.072 -0.644 -0.971 -0.926 -0.528 0.072 0.645 0.971 0.926 0.528

0.07341  -0.193 -0.733 -0.993 -0.873 -0.420 0.194 0.734 0.993 0.873 0.420 -0.194 -0.734 -0.993 -0.873 -0.419 0.195 0.734 0.993 0.873 0.419

0.07343  -0.313 -0.812 -1.000 -0.806 -0.305 0.313 0.812 1.000 0.806 0.304 -0.314 -0.812 -1.000 -0.806 -0.304 0.314 0.812 1.000 0.806 0.304

0.07344  -0.428 -0.877 -0.992 -0.727 -0.185 0.428 0.878 0.992 0.727 0.184 -0.429 -0.878 -0.992 -0.727 -0.184 0.429 0.878 0.992 0.726 0.184

0.07346  -0.536 -0.930 -0.968 -0.637 -0.062 0.536 0.930 0.968 0.637 0.062 -0.537 -0.930 -0.968 -0.636 -0.061 0.537 0.930 0.968 0.636 0.061

0.07347  -0.636 -0.968 -0.930 -0.537 0.062 0.637 0.968 0.930 0.537 -0.062 -0.637 -0.968 -0.930 -0.536 0.062 0.637 0.968 0.930 0.536 -0.063

0.07349  -0.727 -0.992 -0.878 -0.429 0.184 0.727 0.992 0.878 0.428 -0.185 -0.727 -0.992 -0.878 -0.428 0.185 0.727 0.992 0.877 0.428 -0.185

0.07350  -0.806 -1.000 -0.812 -0.314 0.304 0.806 1.000 0.812 0.314 -0.305 -0.806 -1.000 -0.812 -0.313 0.305 0.807 1.000 0.811 0.313 -0.305

0.07352  -0.873 -0.993 -0.734 -0.194 0.420 0.873 0.993 0.733 0.194 -0.420 -0.873 -0.993 -0.733 -0.193 0.420 0.873 0.993 0.733 0.193 -0.421

0.07353  -0.926 -0.971 -0.644 -0.072 0.528 0.927 0.971 0.644 0.071 -0.529 -0.927 -0.971 -0.644 -0.071 0.529 0.927 0.970 0.643 0.070 -0.529

0.07355  -0.966 -0.934 -0.545 0.052 0.629 0.966 0.934 0.544 -0.053 -0.630 -0.966 -0.933 -0.544 0.053 0.630 0.966 0.933 0.544 -0.053 -0.630

0.07356  -0.990 -0.882 -0.437 0.175 0.721 0.991 0.882 0.437 -0.176 -0.721 -0.991 -0.882 -0.436 0.176 0.721 0.991 0.882 0.436 -0.176 -0.721

0.07357  -1.000 -0.817 -0.322 0.296 0.801 1.000 0.817 0.322 -0.296 -0.801 -1.000 -0.817 -0.322 0.296 0.801 1.000 0.817 0.321 -0.297 -0.801

0.07359  -0.994 -0.740 -0.203 0.411 0.869 0.994 0.740 0.203 -0.412 -0.869 -0.994 -0.739 -0.202 0.412 0.869 0.994 0.739 0.202 -0.412 -0.869

0.07360  -0.973 -0.651 -0.080 0.521 0.923 0.973 0.651 0.080 -0.521 -0.923 -0.973 -0.650 -0.080 0.522 0.924 0.973 0.650 0.079 -0.522 -0.924

0.07362  -0.937 -0.552 0.044 0.623 0.964 0.937 0.552 -0.044 -0.623 -0.964 -0.936 -0.551 0.044 0.623 0.964 0.936 0.551 -0.045 -0.623 -0.964

0.07363  -0.886 -0.445 0.167 0.715 0.989 0.886 0.444 -0.167 -0.715 -0.989 -0.886 -0.444 0.168 0.715 0.989 0.886 0.444 -0.168 -0.715 -0.989

0.07365  -0.822 -0.330 0.288 0.796 1.000 0.822 0.330 -0.288 -0.796 -1.000 -0.822 -0.330 0.288 0.796 1.000 0.821 0.329 -0.289 -0.796 -1.000

0.07366  -0.745 -0.211 0.404 0.865 0.995 0.745 0.211 -0.404 -0.865 -0.995 -0.745 -0.210 0.405 0.865 0.995 0.745 0.210 -0.405 -0.865 -0.995

0.07368  -0.657 -0.088 0.514 0.920 0.975 0.657 0.088 -0.514 -0.920 -0.975 -0.657 -0.088 0.515 0.920 0.974 0.656 0.087 -0.515 -0.920 -0.974

0.07369  -0.559 0.036 0.616 0.962 0.939 0.558 -0.036 -0.617 -0.962 -0.939 -0.558 0.036 0.617 0.962 0.939 0.558 -0.037 -0.617 -0.962 -0.939

0.07371  -0.452 0.159 0.709 0.988 0.890 0.451 -0.159 -0.709 -0.988 -0.890 -0.451 0.160 0.710 0.988 0.889 0.451 -0.160 -0.710 -0.988 -0.889

0.07372  -0.338 0.280 0.791 1.000 0.826 0.337 -0.280 -0.791 -1.000 -0.826 -0.337 0.281 0.791 1.000 0.826 0.337 -0.281 -0.792 -1.000 -0.826

0.07374  -0.218 0.397 0.861 0.996 0.750 0.218 -0.397 -0.861 -0.996 -0.750 -0.218 0.398 0.861 0.996 0.750 0.218 -0.398 -0.861 -0.995 -0.750

0.07375  -0.096 0.508 0.917 0.976 0.662 0.096 -0.508 -0.917 -0.976 -0.662 -0.095 0.508 0.917 0.976 0.662 0.095 -0.508 -0.917 -0.976 -0.662

0.07377  0.028 0.610 0.959 0.942 0.564 -0.029 -0.611 -0.960 -0.942 -0.564 0.029 0.611 0.960 0.942 0.564 -0.029 -0.611 -0.960 -0.942 -0.564

0.07378  0.152 0.704 0.987 0.893 0.458 -0.152 -0.704 -0.987 -0.893 -0.458 0.153 0.704 0.987 0.893 0.457 -0.153 -0.705 -0.987 -0.893 -0.457

0.07379  0.273 0.787 0.999 0.830 0.344 -0.274 -0.787 -0.999 -0.830 -0.344 0.274 0.787 0.999 0.830 0.344 -0.274 -0.787 -0.999 -0.830 -0.343

0.07381  0.390 0.857 0.996 0.755 0.225 -0.391 -0.857 -0.996 -0.755 -0.225 0.391 0.857 0.996 0.754 0.224 -0.391 -0.858 -0.996 -0.754 -0.224

0.07382  0.502 0.914 0.978 0.668 0.102 -0.502 -0.914 -0.978 -0.667 -0.102 0.502 0.915 0.978 0.667 0.102 -0.502 -0.915 -0.978 -0.667 -0.102

0.07384  0.605 0.958 0.944 0.570 -0.022 -0.605 -0.958 -0.944 -0.570 0.022 0.606 0.958 0.944 0.570 -0.022 -0.606 -0.958 -0.944 -0.569 0.023

0.07385  0.699 0.986 0.896 0.464 -0.146 -0.699 -0.986 -0.896 -0.463 0.146 0.700 0.986 0.896 0.463 -0.146 -0.700 -0.986 -0.896 -0.463 0.147

0.07387  0.783 0.999 0.834 0.350 -0.267 -0.783 -0.999 -0.834 -0.350 0.268 0.783 0.999 0.834 0.350 -0.268 -0.783 -0.999 -0.833 -0.349 0.268

0.07388  0.854 0.997 0.759 0.231 -0.385 -0.854 -0.997 -0.759 -0.231 0.385 0.854 0.997 0.759 0.231 -0.385 -0.854 -0.997 -0.758 -0.230 0.386

0.07390  0.912 0.979 0.672 0.109 -0.496 -0.912 -0.979 -0.672 -0.108 0.497 0.912 0.979 0.672 0.108 -0.497 -0.912 -0.979 -0.672 -0.108 0.497

0.07391  0.956 0.946 0.575 -0.016 -0.600 -0.956 -0.946 -0.575 0.016 0.601 0.956 0.946 0.575 -0.016 -0.601 -0.956 -0.946 -0.574 0.016 0.601

0.07393  0.985 0.899 0.469 -0.140 -0.695 -0.985 -0.898 -0.469 0.140 0.695 0.985 0.898 0.469 -0.140 -0.695 -0.985 -0.898 -0.468 0.140 0.696

0.07394  0.999 0.837 0.356 -0.262 -0.779 -0.999 -0.837 -0.355 0.262 0.779 0.999 0.837 0.355 -0.262 -0.779 -0.999 -0.837 -0.355 0.262 0.779

0.07396  0.997 0.763 0.237 -0.380 -0.851 -0.997 -0.763 -0.237 0.380 0.851 0.997 0.762 0.236 -0.380 -0.851 -0.997 -0.762 -0.236 0.380 0.851

0.07397  0.980 0.676 0.114 -0.492 -0.910 -0.980 -0.676 -0.114 0.492 0.910 0.980 0.676 0.114 -0.492 -0.910 -0.980 -0.676 -0.113 0.492 0.910

0.07399  0.948 0.580 -0.010 -0.596 -0.954 -0.948 -0.579 0.010 0.596 0.954 0.948 0.579 -0.011 -0.596 -0.954 -0.948 -0.579 0.011 0.597 0.954

0.07400  0.901 0.474 -0.134 -0.691 -0.984 -0.901 -0.474 0.135 0.691 0.984 0.901 0.473 -0.135 -0.692 -0.984 -0.901 -0.473 0.135 0.692 0.984

0.07401  0.840 0.361 -0.257 -0.776 -0.999 -0.840 -0.360 0.257 0.776 0.999 0.840 0.360 -0.257 -0.776 -0.999 -0.840 -0.360 0.257 0.776 0.999

0.07403  0.766 0.242 -0.375 -0.848 -0.998 -0.766 -0.242 0.375 0.848 0.998 0.766 0.241 -0.375 -0.848 -0.998 -0.766 -0.241 0.375 0.849 0.997

0.07404  0.680 0.119 -0.487 -0.907 -0.981 -0.680 -0.119 0.487 0.908 0.981 0.680 0.119 -0.488 -0.908 -0.981 -0.680 -0.119 0.488 0.908 0.981

0.07406  0.584 -0.005 -0.592 -0.953 -0.949 -0.583 0.005 0.592 0.953 0.949 0.583 -0.006 -0.592 -0.953 -0.949 -0.583 0.006 0.593 0.953 0.949

0.07407  0.478 -0.130 -0.688 -0.983 -0.903 -0.478 0.130 0.688 0.983 0.903 0.478 -0.130 -0.688 -0.983 -0.903 -0.477 0.130 0.688 0.983 0.903

0.07409  0.365 -0.252 -0.773 -0.998 -0.842 -0.365 0.252 0.773 0.998 0.842 0.365 -0.252 -0.773 -0.998 -0.842 -0.364 0.253 0.773 0.998 0.842

0.07410  0.246 -0.371 -0.846 -0.998 -0.769 -0.246 0.371 0.846 0.998 0.769 0.246 -0.371 -0.846 -0.998 -0.768 -0.246 0.371 0.846 0.998 0.768

0.07412  0.124 -0.483 -0.906 -0.982 -0.683 -0.123 0.483 0.906 0.982 0.683 0.123 -0.484 -0.906 -0.982 -0.683 -0.123 0.484 0.906 0.982 0.683

0.07413  -0.001 -0.589 -0.951 -0.951 -0.587 0.001 0.589 0.951 0.951 0.587 -0.001 -0.589 -0.952 -0.951 -0.587 0.002 0.589 0.952 0.951 0.586

0.07415  -0.125 -0.685 -0.982 -0.905 -0.481 0.126 0.685 0.982 0.905 0.481 -0.126 -0.685 -0.982 -0.905 -0.481 0.126 0.685 0.982 0.904 0.481

0.07416  -0.248 -0.770 -0.998 -0.845 -0.369 0.248 0.770 0.998 0.844 0.368 -0.249 -0.770 -0.998 -0.844 -0.368 0.249 0.771 0.998 0.844 0.368

0.07418  -0.367 -0.844 -0.998 -0.771 -0.250 0.367 0.844 0.998 0.771 0.250 -0.367 -0.844 -0.998 -0.771 -0.249 0.367 0.844 0.998 0.771 0.249

0.07419  -0.480 -0.904 -0.983 -0.686 -0.127 0.480 0.904 0.983 0.686 0.127 -0.480 -0.904 -0.983 -0.686 -0.127 0.481 0.904 0.983 0.685 0.127

0.07421  -0.586 -0.950 -0.952 -0.590 -0.003 0.586 0.950 0.952 0.590 0.002 -0.586 -0.950 -0.952 -0.590 -0.002 0.586 0.950 0.952 0.589 0.002

0.07422  -0.682 -0.982 -0.906 -0.485 0.122 0.682 0.982 0.906 0.484 -0.122 -0.682 -0.982 -0.906 -0.484 0.123 0.683 0.982 0.906 0.484 -0.123

0.07423  -0.768 -0.998 -0.846 -0.372 0.245 0.768 0.998 0.846 0.372 -0.245 -0.768 -0.998 -0.846 -0.371 0.245 0.768 0.998 0.846 0.371 -0.246

0.07425  -0.842 -0.998 -0.773 -0.253 0.364 0.842 0.998 0.773 0.253 -0.364 -0.842 -0.998 -0.773 -0.253 0.364 0.842 0.998 0.773 0.252 -0.365

0.07426  -0.903 -0.983 -0.688 -0.130 0.477 0.903 0.983 0.688 0.130 -0.478 -0.903 -0.983 -0.688 -0.130 0.478 0.903 0.983 0.688 0.130 -0.478

0.07428  -0.949 -0.953 -0.592 -0.006 0.583 0.949 0.953 0.592 0.005 -0.583 -0.949 -0.953 -0.592 -0.005 0.584 0.949 0.953 0.592 0.005 -0.584

0.07429  -0.981 -0.907 -0.487 0.119 0.680 0.981 0.907 0.487 -0.119 -0.680 -0.981 -0.907 -0.487 0.120 0.680 0.981 0.907 0.487 -0.120 -0.680

0.07431  -0.998 -0.848 -0.374 0.242 0.766 0.998 0.848 0.374 -0.242 -0.766 -0.998 -0.848 -0.374 0.243 0.767 0.998 0.848 0.374 -0.243 -0.767

0.07432  -0.998 -0.775 -0.256 0.362 0.841 0.998 0.775 0.255 -0.362 -0.841 -0.998 -0.775 -0.255 0.362 0.841 0.998 0.775 0.255 -0.362 -0.841

0.07434  -0.984 -0.690 -0.133 0.475 0.902 0.984 0.690 0.133 -0.475 -0.902 -0.984 -0.690 -0.133 0.475 0.902 0.984 0.690 0.132 -0.476 -0.902

0.07435  -0.954 -0.594 -0.008 0.581 0.949 0.953 0.594 0.008 -0.581 -0.949 -0.953 -0.594 -0.008 0.582 0.949 0.953 0.594 0.008 -0.582 -0.949

0.07437  -0.908 -0.489 0.117 0.678 0.981 0.908 0.489 -0.117 -0.679 -0.981 -0.908 -0.489 0.117 0.679 0.981 0.908 0.489 -0.117 -0.679 -0.981

0.07438  -0.849 -0.376 0.240 0.765 0.997 0.849 0.376 -0.240 -0.765 -0.997 -0.849 -0.376 0.240 0.765 0.997 0.849 0.376 -0.241 -0.765 -0.997

0.07440  -0.776 -0.258 0.360 0.839 0.999 0.776 0.257 -0.360 -0.839 -0.999 -0.776 -0.257 0.360 0.840 0.999 0.776 0.257 -0.360 -0.840 -0.999

0.07441  -0.691 -0.135 0.473 0.901 0.984 0.691 0.135 -0.474 -0.901 -0.984 -0.691 -0.134 0.474 0.901 0.984 0.691 0.134 -0.474 -0.901 -0.984

0.07443  -0.596 -0.010 0.580 0.948 0.954 0.596 0.010 -0.580 -0.948 -0.954 -0.595 -0.010 0.580 0.948 0.954 0.595 0.009 -0.580 -0.948 -0.954

0.07444  -0.491 0.115 0.677 0.980 0.909 0.490 -0.115 -0.677 -0.980 -0.909 -0.490 0.116 0.677 0.980 0.909 0.490 -0.116 -0.677 -0.980 -0.909

0.07445  -0.378 0.239 0.764 0.997 0.850 0.378 -0.239 -0.764 -0.997 -0.850 -0.378 0.239 0.764 0.997 0.850 0.377 -0.239 -0.764 -0.997 -0.850

0.07447  -0.259 0.358 0.839 0.999 0.777 0.259 -0.358 -0.839 -0.999 -0.777 -0.259 0.359 0.839 0.999 0.777 0.259 -0.359 -0.839 -0.999 -0.777

0.07448  -0.136 0.472 0.900 0.984 0.692 0.136 -0.472 -0.900 -0.984 -0.692 -0.136 0.472 0.900 0.984 0.692 0.136 -0.473 -0.900 -0.984 -0.692

0.07450  -0.011 0.579 0.948 0.954 0.597 0.011 -0.579 -0.948 -0.954 -0.596 -0.011 0.579 0.948 0.954 0.596 0.011 -0.579 -0.948 -0.954 -0.596

0.07451  0.114 0.676 0.980 0.909 0.491 -0.114 -0.676 -0.980 -0.909 -0.491 0.114 0.677 0.980 0.909 0.491 -0.115 -0.677 -0.980 -0.909 -0.491

0.07453  0.238 0.763 0.997 0.850 0.379 -0.238 -0.763 -0.997 -0.850 -0.378 0.238 0.763 0.997 0.850 0.378 -0.238 -0.764 -0.997 -0.850 -0.378

0.07454  0.357 0.838 0.999 0.778 0.260 -0.358 -0.838 -0.999 -0.778 -0.260 0.358 0.838 0.999 0.778 0.259 -0.358 -0.838 -0.999 -0.777 -0.259

0.07456  0.472 0.900 0.984 0.693 0.137 -0.472 -0.900 -0.984 -0.693 -0.137 0.472 0.900 0.984 0.693 0.136 -0.472 -0.900 -0.984 -0.693 -0.136

0.07457  0.578 0.947 0.955 0.597 0.011 -0.578 -0.947 -0.955 -0.597 -0.011 0.579 0.948 0.954 0.597 0.011 -0.579 -0.948 -0.954 -0.597 -0.011

0.07459  0.676 0.980 0.910 0.492 -0.114 -0.676 -0.980 -0.910 -0.492 0.114 0.676 0.980 0.910 0.492 -0.114 -0.676 -0.980 -0.910 -0.492 0.114

0.07460  0.763 0.997 0.850 0.379 -0.238 -0.763 -0.997 -0.850 -0.379 0.238 0.763 0.997 0.850 0.379 -0.238 -0.763 -0.997 -0.850 -0.379 0.238

0.07462  0.838 0.999 0.778 0.260 -0.357 -0.838 -0.999 -0.778 -0.260 0.358 0.838 0.999 0.778 0.260 -0.358 -0.838 -0.999 -0.778 -0.260 0.358

0.07463  0.900 0.984 0.693 0.137 -0.472 -0.900 -0.984 -0.693 -0.137 0.472 0.900 0.984 0.693 0.137 -0.472 -0.900 -0.984 -0.693 -0.136 0.472

0.07465  0.947 0.955 0.597 0.011 -0.579 -0.947 -0.955 -0.597 -0.011 0.579 0.948 0.954 0.597 0.011 -0.579 -0.948 -0.954 -0.597 -0.011 0.579

0.07466  0.980 0.910 0.492 -0.114 -0.676 -0.980 -0.910 -0.492 0.114 0.676 0.980 0.910 0.492 -0.114 -0.676 -0.980 -0.909 -0.491 0.114 0.676

0.07467  0.997 0.850 0.379 -0.238 -0.763 -0.997 -0.850 -0.378 0.238 0.763 0.997 0.850 0.378 -0.238 -0.763 -0.997 -0.850 -0.378 0.238 0.764

0.07469  0.999 0.778 0.259 -0.358 -0.838 -0.999 -0.777 -0.259 0.358 0.838 0.999 0.777 0.259 -0.358 -0.838 -0.999 -0.777 -0.259 0.358 0.838

0.07470  0.984 0.692 0.136 -0.472 -0.900 -0.984 -0.692 -0.136 0.472 0.900 0.984 0.692 0.136 -0.472 -0.900 -0.984 -0.692 -0.136 0.472 0.900

0.07472  0.954 0.596 0.011 -0.579 -0.948 -0.954 -0.596 -0.011 0.579 0.948 0.954 0.596 0.011 -0.579 -0.948 -0.954 -0.596 -0.011 0.579 0.948

0.07473  0.909 0.491 -0.115 -0.677 -0.980 -0.909 -0.491 0.115 0.677 0.980 0.909 0.491 -0.115 -0.677 -0.980 -0.909 -0.491 0.115 0.677 0.980

0.07475  0.850 0.378 -0.239 -0.764 -0.997 -0.850 -0.378 0.239 0.764 0.997 0.850 0.378 -0.239 -0.764 -0.997 -0.850 -0.377 0.239 0.764 0.997

0.07476  0.777 0.258 -0.359 -0.839 -0.999 -0.777 -0.258 0.359 0.839 0.999 0.777 0.258 -0.359 -0.839 -0.999 -0.777 -0.258 0.359 0.839 0.999

0.07478  0.692 0.135 -0.473 -0.901 -0.984 -0.692 -0.135 0.473 0.901 0.984 0.692 0.135 -0.473 -0.901 -0.984 -0.691 -0.135 0.473 0.901 0.984

0.07479  0.595 0.009 -0.580 -0.948 -0.954 -0.595 -0.009 0.580 0.948 0.954 0.595 0.009 -0.580 -0.948 -0.954 -0.595 -0.009 0.580 0.948 0.954

0.07481  0.490 -0.116 -0.678 -0.981 -0.909 -0.490 0.116 0.678 0.981 0.909 0.490 -0.116 -0.678 -0.981 -0.909 -0.490 0.116 0.678 0.981 0.909

0.07482  0.376 -0.240 -0.765 -0.997 -0.849 -0.376 0.240 0.765 0.997 0.849 0.376 -0.240 -0.765 -0.997 -0.849 -0.376 0.240 0.765 0.997 0.849

0.07484  0.257 -0.360 -0.840 -0.999 -0.776 -0.257 0.360 0.840 0.999 0.776 0.257 -0.360 -0.840 -0.999 -0.776 -0.257 0.360 0.840 0.999 0.776

0.07485  0.133 -0.475 -0.901 -0.984 -0.690 -0.133 0.475 0.901 0.984 0.690 0.133 -0.475 -0.901 -0.984 -0.690 -0.133 0.475 0.901 0.984 0.690

0.07487  0.008 -0.582 -0.949 -0.953 -0.594 -0.007 0.582 0.949 0.953 0.594 0.007 -0.582 -0.949 -0.953 -0.594 -0.007 0.582 0.949 0.953 0.594

0.07488  -0.118 -0.679 -0.981 -0.908 -0.488 0.118 0.679 0.981 0.908 0.488 -0.118 -0.679 -0.981 -0.908 -0.488 0.118 0.679 0.981 0.908 0.488

0.07490  -0.242 -0.766 -0.998 -0.848 -0.374 0.242 0.766 0.998 0.848 0.374 -0.242 -0.766 -0.998 -0.848 -0.374 0.242 0.766 0.998 0.848 0.374

0.07491  -0.362 -0.841 -0.998 -0.774 -0.255 0.363 0.841 0.998 0.774 0.255 -0.363 -0.841 -0.998 -0.774 -0.254 0.363 0.841 0.998 0.774 0.254

0.07492  -0.477 -0.902 -0.983 -0.689 -0.131 0.477 0.902 0.983 0.689 0.131 -0.477 -0.902 -0.983 -0.689 -0.131 0.477 0.902 0.983 0.688 0.131

0.07494  -0.584 -0.950 -0.953 -0.592 -0.005 0.584 0.950 0.953 0.592 0.005 -0.584 -0.950 -0.953 -0.592 -0.005 0.584 0.950 0.953 0.592 0.005

0.07495  -0.681 -0.981 -0.907 -0.486 0.121 0.681 0.981 0.907 0.486 -0.121 -0.681 -0.981 -0.907 -0.486 0.121 0.681 0.981 0.907 0.486 -0.121

0.07497  -0.768 -0.998 -0.846 -0.372 0.245 0.768 0.998 0.846 0.372 -0.245 -0.768 -0.998 -0.846 -0.372 0.245 0.768 0.998 0.846 0.372 -0.245

0.07498  -0.843 -0.998 -0.773 -0.252 0.365 0.843 0.998 0.773 0.252 -0.365 -0.843 -0.998 -0.772 -0.252 0.365 0.843 0.998 0.772 0.252 -0.365

0.07500  -0.904 -0.983 -0.686 -0.128 0.480 0.904 0.983 0.686 0.128 -0.480 -0.904 -0.983 -0.686 -0.128 0.480 0.904 0.983 0.686 0.128 -0.480

0.07501  -0.950 -0.952 -0.589 -0.002 0.586 0.950 0.952 0.589 0.002 -0.586 -0.950 -0.952 -0.589 -0.002 0.586 0.951 0.952 0.589 0.002 -0.586

0.07503  -0.982 -0.905 -0.483 0.124 0.684 0.982 0.905 0.483 -0.124 -0.684 -0.982 -0.905 -0.483 0.124 0.684 0.982 0.905 0.483 -0.124 -0.684

0.07504  -0.998 -0.845 -0.368 0.248 0.770 0.998 0.845 0.368 -0.248 -0.770 -0.998 -0.845 -0.368 0.248 0.770 0.998 0.845 0.368 -0.248 -0.770

0.07506  -0.998 -0.770 -0.248 0.368 0.845 0.998 0.770 0.248 -0.368 -0.845 -0.998 -0.770 -0.248 0.368 0.845 0.998 0.770 0.248 -0.368 -0.845

0.07507  -0.982 -0.684 -0.124 0.483 0.905 0.982 0.684 0.124 -0.483 -0.905 -0.982 -0.684 -0.124 0.483 0.905 0.982 0.684 0.124 -0.483 -0.905

0.07509  -0.950 -0.586 0.002 0.589 0.952 0.950 0.586 -0.002 -0.589 -0.952 -0.950 -0.586 0.002 0.589 0.952 0.950 0.586 -0.002 -0.589 -0.952

0.07510  -0.904 -0.479 0.128 0.687 0.983 0.904 0.479 -0.128 -0.687 -0.983 -0.904 -0.479 0.128 0.687 0.983 0.904 0.479 -0.128 -0.687 -0.983

0.07512  -0.842 -0.365 0.252 0.773 0.998 0.842 0.365 -0.252 -0.773 -0.998 -0.842 -0.365 0.252 0.773 0.998 0.842 0.365 -0.252 -0.773 -0.998

0.07513  -0.768 -0.244 0.372 0.847 0.998 0.768 0.244 -0.372 -0.847 -0.998 -0.768 -0.244 0.372 0.847 0.998 0.768 0.244 -0.372 -0.847 -0.998

0.07514  -0.681 -0.120 0.487 0.907 0.981 0.681 0.120 -0.486 -0.907 -0.981 -0.681 -0.120 0.486 0.907 0.981 0.681 0.120 -0.486 -0.907 -0.981

0.07516  -0.583 0.006 0.593 0.953 0.949 0.583 -0.006 -0.593 -0.953 -0.949 -0.583 0.006 0.593 0.953 0.949 0.583 -0.006 -0.593 -0.953 -0.949

0.07517  -0.475 0.133 0.690 0.984 0.902 0.475 -0.133 -0.690 -0.984 -0.902 -0.475 0.133 0.690 0.984 0.902 0.475 -0.132 -0.690 -0.984 -0.902

0.07519  -0.360 0.257 0.776 0.999 0.840 0.360 -0.257 -0.776 -0.999 -0.840 -0.360 0.257 0.776 0.999 0.840 0.360 -0.257 -0.776 -0.999 -0.840

0.07520  -0.240 0.377 0.849 0.997 0.765 0.240 -0.377 -0.849 -0.997 -0.765 -0.240 0.377 0.849 0.997 0.765 0.240 -0.377 -0.849 -0.997 -0.765

0.07522  -0.115 0.491 0.909 0.980 0.677 0.115 -0.491 -0.909 -0.980 -0.677 -0.115 0.491 0.909 0.980 0.677 0.115 -0.491 -0.909 -0.980 -0.677

0.07523  0.011 0.597 0.955 0.947 0.579 -0.011 -0.597 -0.954 -0.948 -0.579 0.011 0.597 0.954 0.948 0.579 -0.011 -0.597 -0.954 -0.948 -0.579

0.07525  0.138 0.694 0.985 0.899 0.471 -0.138 -0.694 -0.985 -0.899 -0.471 0.138 0.694 0.985 0.900 0.471 -0.138 -0.693 -0.985 -0.900 -0.471

0.07526  0.262 0.779 0.999 0.837 0.356 -0.262 -0.779 -0.999 -0.837 -0.356 0.262 0.779 0.999 0.837 0.356 -0.262 -0.779 -0.999 -0.837 -0.356

0.07528  0.382 0.852 0.997 0.761 0.234 -0.382 -0.852 -0.997 -0.761 -0.235 0.382 0.852 0.997 0.761 0.235 -0.382 -0.852 -0.997 -0.761 -0.235

0.07529  0.496 0.911 0.979 0.673 0.110 -0.496 -0.911 -0.979 -0.673 -0.110 0.495 0.911 0.979 0.673 0.110 -0.495 -0.911 -0.979 -0.673 -0.110

0.07531  0.601 0.956 0.946 0.574 -0.017 -0.601 -0.956 -0.946 -0.574 0.017 0.601 0.956 0.946 0.574 -0.017 -0.601 -0.956 -0.946 -0.574 0.017

0.07532  0.698 0.986 0.897 0.466 -0.143 -0.698 -0.986 -0.897 -0.466 0.143 0.698 0.986 0.897 0.466 -0.143 -0.698 -0.986 -0.897 -0.466 0.143

0.07534  0.783 0.999 0.834 0.350 -0.267 -0.783 -0.999 -0.834 -0.350 0.267 0.783 0.999 0.834 0.350 -0.267 -0.783 -0.999 -0.834 -0.350 0.267

0.07535  0.855 0.997 0.757 0.229 -0.387 -0.855 -0.997 -0.757 -0.229 0.387 0.855 0.997 0.757 0.229 -0.387 -0.855 -0.997 -0.757 -0.229 0.387

0.07536  0.914 0.978 0.668 0.104 -0.501 -0.914 -0.978 -0.668 -0.104 0.501 0.914 0.978 0.669 0.104 -0.501 -0.914 -0.978 -0.669 -0.104 0.501

0.07538  0.958 0.944 0.569 -0.023 -0.606 -0.958 -0.944 -0.569 0.023 0.606 0.958 0.944 0.569 -0.023 -0.606 -0.958 -0.944 -0.569 0.023 0.606

0.07539  0.987 0.894 0.460 -0.150 -0.702 -0.987 -0.894 -0.460 0.150 0.702 0.987 0.894 0.460 -0.149 -0.702 -0.987 -0.894 -0.460 0.149 0.702

0.07541  0.999 0.830 0.344 -0.274 -0.787 -0.999 -0.830 -0.344 0.274 0.787 0.999 0.830 0.344 -0.274 -0.787 -0.999 -0.830 -0.344 0.273 0.787

0.07542  0.996 0.753 0.222 -0.393 -0.859 -0.996 -0.753 -0.222 0.393 0.859 0.996 0.753 0.222 -0.393 -0.859 -0.996 -0.753 -0.222 0.393 0.858

0.07544  0.977 0.663 0.097 -0.507 -0.917 -0.977 -0.663 -0.097 0.507 0.917 0.977 0.663 0.097 -0.506 -0.917 -0.977 -0.664 -0.097 0.506 0.917

0.07545  0.941 0.563 -0.030 -0.612 -0.960 -0.941 -0.563 0.030 0.612 0.960 0.941 0.563 -0.030 -0.612 -0.960 -0.941 -0.563 0.030 0.612 0.960

0.07547  0.891 0.454 -0.157 -0.707 -0.988 -0.891 -0.454 0.156 0.707 0.988 0.891 0.454 -0.156 -0.707 -0.988 -0.891 -0.454 0.156 0.707 0.988

0.07548  0.826 0.337 -0.281 -0.791 -1.000 -0.826 -0.337 0.280 0.791 1.000 0.826 0.337 -0.280 -0.791 -1.000 -0.826 -0.338 0.280 0.791 1.000

0.07550  0.748 0.215 -0.400 -0.862 -0.995 -0.748 -0.215 0.400 0.862 0.995 0.748 0.215 -0.400 -0.862 -0.995 -0.748 -0.215 0.400 0.862 0.995

0.07551  0.658 0.090 -0.513 -0.920 -0.975 -0.658 -0.090 0.513 0.920 0.975 0.658 0.090 -0.513 -0.919 -0.975 -0.658 -0.090 0.513 0.919 0.975

0.07553  0.557 -0.038 -0.618 -0.962 -0.939 -0.557 0.037 0.618 0.962 0.939 0.557 -0.037 -0.618 -0.962 -0.939 -0.557 0.037 0.617 0.962 0.939

0.07554  0.447 -0.164 -0.713 -0.989 -0.887 -0.447 0.164 0.712 0.989 0.888 0.447 -0.164 -0.712 -0.989 -0.888 -0.447 0.164 0.712 0.989 0.888

0.07556  0.330 -0.288 -0.796 -1.000 -0.822 -0.330 0.288 0.796 1.000 0.822 0.330 -0.288 -0.796 -1.000 -0.822 -0.330 0.288 0.796 1.000 0.822

0.07557  0.207 -0.407 -0.866 -0.994 -0.743 -0.208 0.407 0.866 0.994 0.743 0.208 -0.407 -0.866 -0.995 -0.743 -0.208 0.407 0.866 0.995 0.743

0.07558  0.082 -0.520 -0.923 -0.973 -0.652 -0.082 0.520 0.923 0.973 0.652 0.082 -0.520 -0.923 -0.973 -0.652 -0.082 0.520 0.923 0.973 0.652

0.07560  -0.046 -0.624 -0.964 -0.936 -0.550 0.046 0.624 0.964 0.936 0.550 -0.045 -0.624 -0.964 -0.936 -0.551 0.045 0.624 0.964 0.936 0.551

0.07561  -0.172 -0.718 -0.990 -0.884 -0.440 0.172 0.718 0.990 0.884 0.440 -0.172 -0.718 -0.990 -0.884 -0.440 0.172 0.718 0.990 0.884 0.440

0.07563  -0.296 -0.801 -1.000 -0.817 -0.322 0.296 0.801 1.000 0.817 0.322 -0.296 -0.801 -1.000 -0.817 -0.322 0.296 0.801 1.000 0.817 0.323

0.07564  -0.415 -0.870 -0.994 -0.737 -0.199 0.415 0.870 0.994 0.737 0.199 -0.415 -0.870 -0.994 -0.737 -0.200 0.415 0.870 0.994 0.737 0.200

0.07566  -0.527 -0.926 -0.971 -0.645 -0.073 0.527 0.926 0.971 0.645 0.073 -0.527 -0.926 -0.971 -0.646 -0.073 0.527 0.926 0.971 0.646 0.074

0.07567  -0.631 -0.966 -0.933 -0.543 0.054 0.631 0.966 0.933 0.543 -0.054 -0.631 -0.966 -0.933 -0.543 0.054 0.631 0.966 0.933 0.543 -0.054

0.07569  -0.724 -0.991 -0.879 -0.432 0.181 0.724 0.991 0.880 0.432 -0.181 -0.724 -0.991 -0.880 -0.432 0.180 0.724 0.991 0.880 0.432 -0.180

0.07570  -0.806 -1.000 -0.812 -0.314 0.304 0.806 1.000 0.812 0.314 -0.304 -0.806 -1.000 -0.812 -0.314 0.304 0.806 1.000 0.812 0.314 -0.304

0.07572  -0.875 -0.992 -0.731 -0.190 0.423 0.875 0.992 0.731 0.190 -0.423 -0.875 -0.993 -0.731 -0.191 0.423 0.875 0.993 0.731 0.191 -0.423

0.07573  -0.929 -0.969 -0.638 -0.064 0.535 0.929 0.969 0.638 0.064 -0.535 -0.929 -0.969 -0.638 -0.064 0.535 0.929 0.969 0.639 0.064 -0.534

0.07575  -0.969 -0.929 -0.535 0.064 0.638 0.969 0.930 0.535 -0.063 -0.638 -0.969 -0.930 -0.535 0.063 0.638 0.969 0.930 0.536 -0.063 -0.638

0.07576  -0.992 -0.875 -0.423 0.190 0.731 0.992 0.875 0.423 -0.190 -0.731 -0.992 -0.875 -0.424 0.190 0.731 0.992 0.875 0.424 -0.190 -0.730

0.07578  -1.000 -0.806 -0.304 0.314 0.812 1.000 0.806 0.305 -0.313 -0.812 -1.000 -0.806 -0.305 0.313 0.812 1.000 0.806 0.305 -0.313 -0.811

0.07579  -0.991 -0.724 -0.181 0.432 0.880 0.991 0.724 0.181 -0.432 -0.879 -0.991 -0.725 -0.181 0.432 0.879 0.991 0.725 0.181 -0.431 -0.879

0.07580  -0.966 -0.631 -0.054 0.543 0.933 0.966 0.631 0.054 -0.543 -0.933 -0.966 -0.631 -0.054 0.543 0.933 0.966 0.631 0.055 -0.543 -0.933

0.07582  -0.926 -0.527 0.074 0.646 0.971 0.926 0.527 -0.073 -0.646 -0.971 -0.926 -0.527 0.073 0.645 0.971 0.926 0.527 -0.073 -0.645 -0.971

0.07583  -0.870 -0.414 0.200 0.738 0.994 0.870 0.414 -0.200 -0.738 -0.994 -0.870 -0.414 0.200 0.737 0.994 0.870 0.415 -0.199 -0.737 -0.994

0.07585  -0.800 -0.295 0.323 0.818 1.000 0.800 0.295 -0.323 -0.818 -1.000 -0.800 -0.295 0.323 0.817 1.000 0.800 0.295 -0.323 -0.817 -1.000

0.07586  -0.717 -0.171 0.441 0.884 0.990 0.717 0.171 -0.441 -0.884 -0.990 -0.717 -0.171 0.441 0.884 0.990 0.718 0.171 -0.441 -0.884 -0.990

0.07588  -0.622 -0.044 0.552 0.937 0.964 0.623 0.044 -0.552 -0.937 -0.964 -0.623 -0.044 0.552 0.937 0.964 0.623 0.044 -0.551 -0.936 -0.964

0.07589  -0.518 0.084 0.654 0.974 0.922 0.518 -0.084 -0.654 -0.974 -0.922 -0.518 0.084 0.653 0.974 0.922 0.518 -0.084 -0.653 -0.974 -0.922

0.07591  -0.404 0.210 0.745 0.995 0.865 0.404 -0.210 -0.745 -0.995 -0.865 -0.405 0.210 0.745 0.995 0.865 0.405 -0.210 -0.744 -0.995 -0.865

0.07592  -0.284 0.333 0.824 1.000 0.794 0.285 -0.333 -0.824 -1.000 -0.794 -0.285 0.333 0.824 1.000 0.794 0.285 -0.333 -0.824 -1.000 -0.794

0.07594  -0.160 0.451 0.889 0.988 0.710 0.160 -0.451 -0.889 -0.988 -0.710 -0.160 0.451 0.889 0.988 0.710 0.160 -0.450 -0.889 -0.988 -0.710

0.07595  -0.032 0.561 0.940 0.961 0.614 0.033 -0.561 -0.940 -0.961 -0.614 -0.033 0.561 0.940 0.961 0.614 0.033 -0.561 -0.940 -0.961 -0.614

0.07597  0.095 0.662 0.976 0.917 0.508 -0.095 -0.662 -0.976 -0.917 -0.508 0.095 0.662 0.976 0.918 0.509 -0.095 -0.662 -0.976 -0.918 -0.509

0.07598  0.222 0.752 0.996 0.859 0.394 -0.221 -0.752 -0.996 -0.859 -0.394 0.221 0.752 0.996 0.859 0.394 -0.221 -0.752 -0.996 -0.859 -0.395

0.07600  0.344 0.830 0.999 0.787 0.274 -0.344 -0.830 -0.999 -0.787 -0.274 0.344 0.830 0.999 0.787 0.274 -0.344 -0.830 -0.999 -0.787 -0.274

0.07601  0.461 0.895 0.986 0.701 0.148 -0.461 -0.895 -0.986 -0.702 -0.149 0.461 0.894 0.986 0.702 0.149 -0.461 -0.894 -0.986 -0.702 -0.149

0.07602  0.571 0.944 0.957 0.605 0.021 -0.571 -0.944 -0.957 -0.605 -0.021 0.570 0.944 0.957 0.605 0.021 -0.570 -0.944 -0.958 -0.605 -0.022

0.07604  0.671 0.979 0.913 0.498 -0.107 -0.671 -0.979 -0.913 -0.498 0.107 0.671 0.979 0.913 0.498 -0.106 -0.670 -0.979 -0.913 -0.499 0.106

0.07605  0.760 0.997 0.853 0.383 -0.233 -0.760 -0.997 -0.853 -0.383 0.233 0.760 0.997 0.853 0.384 -0.233 -0.760 -0.997 -0.853 -0.384 0.232

0.07607  0.837 0.999 0.779 0.262 -0.355 -0.837 -0.999 -0.779 -0.262 0.355 0.837 0.999 0.779 0.262 -0.355 -0.837 -0.999 -0.780 -0.263 0.355

0.07608  0.900 0.984 0.693 0.136 -0.472 -0.900 -0.984 -0.693 -0.137 0.472 0.900 0.984 0.693 0.137 -0.471 -0.900 -0.984 -0.693 -0.137 0.471

0.07610  0.948 0.954 0.595 0.009 -0.581 -0.948 -0.954 -0.595 -0.009 0.580 0.948 0.954 0.595 0.009 -0.580 -0.948 -0.954 -0.595 -0.009 0.580

0.07611  0.981 0.907 0.487 -0.119 -0.680 -0.981 -0.907 -0.487 0.119 0.680 0.981 0.908 0.488 -0.119 -0.680 -0.981 -0.908 -0.488 0.118 0.679

0.07613  0.998 0.846 0.371 -0.245 -0.768 -0.998 -0.846 -0.372 0.245 0.768 0.998 0.846 0.372 -0.245 -0.768 -0.998 -0.847 -0.372 0.244 0.768

0.07614  0.998 0.771 0.250 -0.367 -0.844 -0.998 -0.771 -0.250 0.367 0.844 0.998 0.771 0.250 -0.367 -0.843 -0.998 -0.772 -0.250 0.366 0.843

0.07616  0.982 0.683 0.124 -0.483 -0.905 -0.982 -0.684 -0.124 0.483 0.905 0.982 0.684 0.124 -0.483 -0.905 -0.982 -0.684 -0.124 0.482 0.905

0.07617  0.950 0.584 -0.004 -0.591 -0.952 -0.950 -0.584 0.004 0.591 0.952 0.950 0.585 -0.004 -0.591 -0.952 -0.950 -0.585 0.003 0.591 0.952

0.07619  0.902 0.476 -0.132 -0.690 -0.984 -0.902 -0.476 0.132 0.689 0.983 0.902 0.476 -0.132 -0.689 -0.983 -0.902 -0.476 0.131 0.689 0.983

0.07620  0.839 0.359 -0.258 -0.777 -0.999 -0.839 -0.359 0.258 0.776 0.999 0.839 0.360 -0.257 -0.776 -0.999 -0.840 -0.360 0.257 0.776 0.999

0.07622  0.763 0.237 -0.380 -0.851 -0.997 -0.763 -0.237 0.379 0.851 0.997 0.763 0.237 -0.379 -0.851 -0.997 -0.763 -0.238 0.379 0.850 0.997

0.07623  0.673 0.110 -0.495 -0.911 -0.979 -0.674 -0.111 0.495 0.911 0.979 0.674 0.111 -0.494 -0.911 -0.979 -0.674 -0.111 0.494 0.911 0.980

0.07625  0.573 -0.018 -0.602 -0.956 -0.945 -0.573 0.018 0.602 0.956 0.946 0.574 -0.017 -0.602 -0.956 -0.946 -0.574 0.017 0.601 0.956 0.946

0.07626  0.464 -0.146 -0.699 -0.986 -0.896 -0.464 0.145 0.699 0.986 0.896 0.464 -0.145 -0.699 -0.986 -0.896 -0.464 0.145 0.699 0.986 0.896

0.07627  0.346 -0.271 -0.785 -0.999 -0.832 -0.346 0.271 0.785 0.999 0.832 0.347 -0.271 -0.785 -0.999 -0.832 -0.347 0.270 0.785 0.999 0.832

0.07629  0.223 -0.392 -0.858 -0.996 -0.754 -0.223 0.392 0.858 0.996 0.754 0.224 -0.392 -0.858 -0.996 -0.754 -0.224 0.392 0.858 0.996 0.754

0.07630  0.096 -0.507 -0.917 -0.976 -0.663 -0.097 0.507 0.917 0.977 0.663 0.097 -0.507 -0.917 -0.977 -0.664 -0.097 0.506 0.916 0.977 0.664

0.07632  -0.032 -0.613 -0.960 -0.941 -0.562 0.032 0.613 0.960 0.941 0.562 -0.031 -0.613 -0.960 -0.941 -0.562 0.031 0.613 0.960 0.941 0.563

0.07633  -0.160 -0.710 -0.988 -0.889 -0.451 0.160 0.709 0.988 0.890 0.451 -0.159 -0.709 -0.988 -0.890 -0.452 0.159 0.709 0.988 0.890 0.452

0.07635  -0.285 -0.794 -1.000 -0.824 -0.333 0.285 0.794 1.000 0.824 0.333 -0.285 -0.794 -1.000 -0.824 -0.333 0.284 0.793 1.000 0.824 0.334

0.07636  -0.406 -0.865 -0.995 -0.744 -0.209 0.405 0.865 0.995 0.744 0.209 -0.405 -0.865 -0.995 -0.744 -0.210 0.405 0.865 0.995 0.745 0.210

0.07638  -0.520 -0.923 -0.973 -0.652 -0.082 0.519 0.922 0.973 0.652 0.082 -0.519 -0.922 -0.973 -0.653 -0.083 0.519 0.922 0.973 0.653 0.083

0.07639  -0.625 -0.964 -0.936 -0.549 0.047 0.625 0.964 0.936 0.550 -0.046 -0.624 -0.964 -0.936 -0.550 0.046 0.624 0.964 0.936 0.550 -0.046

0.07641  -0.720 -0.990 -0.883 -0.438 0.174 0.720 0.990 0.883 0.438 -0.174 -0.720 -0.990 -0.883 -0.438 0.174 0.719 0.990 0.883 0.439 -0.173

0.07642  -0.803 -1.000 -0.815 -0.319 0.299 0.803 1.000 0.815 0.319 -0.299 -0.803 -1.000 -0.815 -0.319 0.299 0.803 1.000 0.815 0.320 -0.298

0.07644  -0.873 -0.993 -0.734 -0.194 0.419 0.873 0.993 0.734 0.195 -0.419 -0.873 -0.993 -0.734 -0.195 0.419 0.872 0.993 0.734 0.195 -0.418

0.07645  -0.928 -0.970 -0.640 -0.067 0.532 0.928 0.970 0.641 0.067 -0.532 -0.928 -0.970 -0.641 -0.067 0.532 0.928 0.970 0.641 0.068 -0.532

0.07647  -0.968 -0.930 -0.536 0.062 0.637 0.968 0.930 0.537 -0.062 -0.636 -0.968 -0.930 -0.537 0.061 0.636 0.968 0.930 0.537 -0.061 -0.636

0.07648  -0.992 -0.875 -0.424 0.190 0.730 0.992 0.875 0.424 -0.189 -0.730 -0.992 -0.875 -0.424 0.189 0.730 0.992 0.876 0.425 -0.189 -0.730

0.07649  -1.000 -0.806 -0.304 0.314 0.812 1.000 0.806 0.304 -0.314 -0.812 -1.000 -0.806 -0.304 0.314 0.812 1.000 0.806 0.305 -0.313 -0.812

0.07651  -0.991 -0.723 -0.179 0.434 0.880 0.991 0.723 0.179 -0.433 -0.880 -0.991 -0.723 -0.179 0.433 0.880 0.991 0.724 0.180 -0.433 -0.880

0.07652  -0.966 -0.628 -0.051 0.546 0.934 0.966 0.628 0.051 -0.546 -0.934 -0.966 -0.629 -0.052 0.545 0.934 0.966 0.629 0.052 -0.545 -0.934

0.07654  -0.924 -0.523 0.078 0.649 0.972 0.924 0.523 -0.078 -0.649 -0.972 -0.924 -0.523 0.077 0.648 0.972 0.924 0.524 -0.077 -0.648 -0.972

0.07655  -0.867 -0.409 0.206 0.741 0.994 0.867 0.409 -0.205 -0.741 -0.994 -0.868 -0.410 0.205 0.741 0.994 0.868 0.410 -0.204 -0.741 -0.994

0.07657  -0.796 -0.288 0.330 0.822 1.000 0.796 0.289 -0.329 -0.821 -1.000 -0.796 -0.289 0.329 0.821 1.000 0.797 0.289 -0.329 -0.821 -1.000

0.07658  -0.711 -0.163 0.448 0.888 0.989 0.712 0.163 -0.448 -0.888 -0.989 -0.712 -0.163 0.448 0.888 0.989 0.712 0.164 -0.447 -0.888 -0.989

0.07660  -0.615 -0.034 0.560 0.940 0.961 0.615 0.035 -0.559 -0.940 -0.961 -0.616 -0.035 0.559 0.940 0.961 0.616 0.035 -0.559 -0.939 -0.961

0.07661  -0.509 0.095 0.662 0.976 0.918 0.509 -0.094 -0.661 -0.976 -0.918 -0.509 0.094 0.661 0.976 0.918 0.510 -0.093 -0.661 -0.976 -0.918

0.07663  -0.394 0.222 0.753 0.996 0.859 0.394 -0.222 -0.752 -0.996 -0.859 -0.394 0.221 0.752 0.996 0.859 0.395 -0.221 -0.752 -0.996 -0.859

0.07664  -0.272 0.346 0.831 0.999 0.786 0.272 -0.345 -0.831 -0.999 -0.786 -0.273 0.345 0.831 0.999 0.786 0.273 -0.345 -0.830 -0.999 -0.787

0.07666  -0.146 0.464 0.896 0.986 0.700 0.146 -0.463 -0.896 -0.986 -0.700 -0.147 0.463 0.895 0.986 0.700 0.147 -0.463 -0.895 -0.986 -0.700

0.07667  -0.017 0.574 0.946 0.956 0.602 0.018 -0.573 -0.945 -0.956 -0.602 -0.018 0.573 0.945 0.957 0.602 0.018 -0.573 -0.945 -0.957 -0.603

0.07669  0.112 0.674 0.980 0.911 0.494 -0.111 -0.674 -0.980 -0.911 -0.494 0.111 0.674 0.979 0.911 0.495 -0.111 -0.674 -0.979 -0.911 -0.495

0.07670  0.239 0.764 0.997 0.850 0.378 -0.238 -0.764 -0.997 -0.850 -0.378 0.238 0.763 0.997 0.850 0.379 -0.238 -0.763 -0.997 -0.850 -0.379

0.07671  0.362 0.841 0.998 0.775 0.255 -0.362 -0.841 -0.998 -0.775 -0.256 0.361 0.840 0.998 0.775 0.256 -0.361 -0.840 -0.998 -0.776 -0.257

0.07673  0.479 0.904 0.983 0.687 0.129 -0.479 -0.903 -0.983 -0.687 -0.129 0.478 0.903 0.983 0.687 0.129 -0.478 -0.903 -0.983 -0.688 -0.130

0.07674  0.588 0.951 0.951 0.588 -0.000 -0.588 -0.951 -0.951 -0.588 -0.000 0.588 0.951 0.951 0.588 0.001 -0.587 -0.951 -0.951 -0.588 -0.001

0.07676  0.688 0.983 0.903 0.478 -0.129 -0.687 -0.983 -0.903 -0.479 0.129 0.687 0.983 0.903 0.479 -0.128 -0.687 -0.983 -0.904 -0.479 0.128

0.07677  0.775 0.998 0.840 0.361 -0.256 -0.775 -0.998 -0.840 -0.361 0.256 0.775 0.998 0.841 0.362 -0.255 -0.775 -0.998 -0.841 -0.362 0.255

0.07679  0.850 0.997 0.763 0.238 -0.378 -0.850 -0.997 -0.764 -0.238 0.378 0.850 0.997 0.764 0.239 -0.378 -0.850 -0.997 -0.764 -0.239 0.377

0.07680  0.911 0.979 0.674 0.110 -0.495 -0.911 -0.979 -0.674 -0.111 0.494 0.911 0.980 0.674 0.111 -0.494 -0.911 -0.980 -0.674 -0.112 0.494

0.07682  0.957 0.945 0.573 -0.019 -0.603 -0.957 -0.945 -0.573 0.018 0.602 0.956 0.945 0.573 -0.018 -0.602 -0.956 -0.945 -0.574 0.017 0.602

0.07683  0.986 0.895 0.462 -0.148 -0.701 -0.986 -0.895 -0.462 0.147 0.700 0.986 0.895 0.463 -0.147 -0.700 -0.986 -0.896 -0.463 0.146 0.700

0.07685  0.999 0.830 0.344 -0.274 -0.787 -0.999 -0.830 -0.344 0.274 0.787 0.999 0.830 0.344 -0.273 -0.786 -0.999 -0.831 -0.345 0.273 0.786

0.07686  0.996 0.751 0.219 -0.396 -0.860 -0.996 -0.751 -0.220 0.395 0.860 0.996 0.752 0.220 -0.395 -0.860 -0.996 -0.752 -0.221 0.395 0.859

0.07688  0.975 0.659 0.092 -0.511 -0.919 -0.975 -0.660 -0.092 0.511 0.918 0.976 0.660 0.093 -0.510 -0.918 -0.976 -0.660 -0.093 0.510 0.918

0.07689  0.939 0.557 -0.038 -0.618 -0.962 -0.939 -0.557 0.037 0.617 0.962 0.939 0.558 -0.037 -0.617 -0.962 -0.939 -0.558 0.036 0.617 0.962

0.07691  0.886 0.445 -0.166 -0.714 -0.989 -0.886 -0.445 0.166 0.714 0.989 0.887 0.446 -0.166 -0.714 -0.989 -0.887 -0.446 0.165 0.713 0.989

0.07692  0.819 0.325 -0.292 -0.799 -1.000 -0.819 -0.326 0.292 0.798 1.000 0.820 0.326 -0.292 -0.798 -1.000 -0.820 -0.327 0.291 0.798 1.000

0.07693  0.738 0.201 -0.414 -0.870 -0.994 -0.738 -0.201 0.413 0.869 0.994 0.739 0.201 -0.413 -0.869 -0.994 -0.739 -0.202 0.412 0.869 0.994

0.07695  0.645 0.072 -0.528 -0.926 -0.971 -0.645 -0.073 0.527 0.926 0.971 0.645 0.073 -0.527 -0.926 -0.971 -0.646 -0.074 0.527 0.926 0.971

0.07696  0.540 -0.057 -0.633 -0.967 -0.932 -0.541 0.057 0.633 0.967 0.932 0.541 -0.056 -0.632 -0.967 -0.932 -0.542 0.056 0.632 0.967 0.932

0.07698  0.427 -0.186 -0.728 -0.992 -0.877 -0.427 0.185 0.728 0.992 0.877 0.428 -0.185 -0.727 -0.992 -0.878 -0.428 0.185 0.727 0.992 0.878

0.07699  0.307 -0.311 -0.810 -1.000 -0.808 -0.307 0.311 0.810 1.000 0.808 0.307 -0.311 -0.810 -1.000 -0.808 -0.308 0.310 0.810 1.000 0.809

0.07701  0.181 -0.432 -0.879 -0.991 -0.725 -0.181 0.431 0.879 0.991 0.725 0.182 -0.431 -0.879 -0.991 -0.725 -0.182 0.430 0.879 0.991 0.726

0.07702  0.052 -0.545 -0.934 -0.966 -0.629 -0.053 0.544 0.933 0.966 0.630 0.053 -0.544 -0.933 -0.966 -0.630 -0.054 0.544 0.933 0.966 0.631

0.07704  -0.078 -0.649 -0.972 -0.924 -0.524 0.077 0.648 0.972 0.925 0.524 -0.077 -0.648 -0.972 -0.925 -0.524 0.076 0.648 0.972 0.925 0.525

0.07705  -0.206 -0.742 -0.994 -0.867 -0.409 0.205 0.741 0.994 0.867 0.409 -0.205 -0.741 -0.994 -0.868 -0.410 0.205 0.741 0.994 0.868 0.410

0.07707  -0.331 -0.822 -1.000 -0.795 -0.287 0.330 0.822 1.000 0.796 0.288 -0.330 -0.822 -1.000 -0.796 -0.288 0.329 0.821 1.000 0.796 0.289

0.07708  -0.450 -0.889 -0.988 -0.710 -0.161 0.450 0.889 0.988 0.711 0.161 -0.449 -0.889 -0.989 -0.711 -0.162 0.449 0.888 0.989 0.711 0.162

0.07710  -0.562 -0.941 -0.960 -0.613 -0.032 0.562 0.941 0.960 0.614 0.032 -0.561 -0.941 -0.961 -0.614 -0.033 0.561 0.940 0.961 0.614 0.033

0.07711  -0.664 -0.977 -0.916 -0.506 0.098 0.664 0.977 0.916 0.506 -0.097 -0.664 -0.977 -0.917 -0.507 0.097 0.663 0.976 0.917 0.507 -0.096

0.07713  -0.756 -0.996 -0.857 -0.390 0.226 0.755 0.996 0.857 0.390 -0.225 -0.755 -0.996 -0.857 -0.391 0.225 0.755 0.996 0.857 0.391 -0.225

0.07714  -0.834 -0.999 -0.782 -0.267 0.350 0.834 0.999 0.783 0.268 -0.350 -0.834 -0.999 -0.783 -0.268 0.349 0.833 0.999 0.783 0.269 -0.349

0.07715  -0.899 -0.985 -0.695 -0.140 0.469 0.898 0.985 0.696 0.140 -0.468 -0.898 -0.985 -0.696 -0.141 0.468 0.898 0.985 0.696 0.141 -0.467

0.07717  -0.948 -0.954 -0.596 -0.010 0.579 0.948 0.954 0.597 0.011 -0.579 -0.948 -0.954 -0.597 -0.011 0.578 0.947 0.955 0.597 0.012 -0.578

0.07718  -0.981 -0.907 -0.487 0.119 0.680 0.981 0.908 0.487 -0.119 -0.680 -0.981 -0.908 -0.488 0.118 0.679 0.981 0.908 0.488 -0.118 -0.679

0.07720  -0.998 -0.845 -0.370 0.247 0.769 0.998 0.845 0.370 -0.246 -0.769 -0.998 -0.846 -0.371 0.246 0.769 0.998 0.846 0.371 -0.245 -0.768

0.07721  -0.998 -0.769 -0.246 0.371 0.846 0.998 0.769 0.247 -0.370 -0.845 -0.998 -0.769 -0.247 0.370 0.845 0.998 0.770 0.248 -0.369 -0.845

0.07723  -0.981 -0.679 -0.118 0.488 0.908 0.981 0.680 0.119 -0.487 -0.908 -0.981 -0.680 -0.119 0.487 0.907 0.981 0.680 0.120 -0.487 -0.907

0.07724  -0.947 -0.578 0.012 0.597 0.955 0.948 0.579 -0.011 -0.597 -0.954 -0.948 -0.579 0.011 0.596 0.954 0.948 0.580 -0.010 -0.596 -0.954

